1.555798 8.616729 -865.981315 6.701901 101.000000 1704455733.448534
0.837738 5.983840 -705.255374 10.651235 101.000000 1704455733.448534
6.941254 13.164448 -142.654744 13.643155 102.000000 1704455733.461132
4.308365 11.728326 -1615.517104 14.361216 102.000000 1704455733.461132
9.574144 13.523478 -1187.552872 13.882509 103.000000 1704455733.461840
3.949334 5.146102 -182.148087 9.334790 103.000000 1704455733.461840
9.693821 21.182793 -1504.576712 14.839923 104.000000 1704455733.475441
3.111597 10.890589 -715.308225 13.044771 104.000000 1704455733.475441
9.933174 14.361216 -698.553473 14.600569 105.000000 1704455733.491134
3.590304 9.215113 -644.818591 10.651235 105.000000 1704455733.491134
9.215113 12.566064 -840.250803 13.403801 106.000000 1704455733.491847
3.350950 14.480893 -572.414128 14.361216 106.000000 1704455733.491847
5.744486 11.608649 59.240015 11.848003 107.000000 1704455733.505491
6.582224 12.685741 -1660.036873 16.635075 107.000000 1704455733.505491
7.659315 17.951520 -2923.823866 17.233459 108.000000 1704455733.521130
5.983840 15.797337 -2973.011030 17.233459 108.000000 1704455733.521130
9.933174 10.651235 -2111.098727 11.967680 109.000000 1704455733.521874
5.624810 10.890589 -3410.908436 8.975760 109.000000 1704455733.521874
2.632890 11.010265 -3619.624773 10.411881 110.000000 1704455733.535482
8.736406 16.515398 -4621.678608 14.361216 110.000000 1704455733.535482
1.436122 11.967680 -5887.500106 7.419962 111.000000 1704455733.551171
2.154182 10.172528 -4806.339908 14.241539 111.000000 1704455733.551171
8.497053 14.002185 -3855.148713 17.233459 112.000000 1704455733.551889
5.983840 13.643155 -3855.627420 14.839923 112.000000 1704455733.551889
10.531558 16.874429 -872.204508 11.488973 113.000000 1704455733.565506
7.539638 18.789257 -4189.765042 15.557984 113.000000 1704455733.565506
3.350950 9.933174 -4764.812059 13.523478 114.000000 1704455733.581203
8.257699 10.411881 -5403.287779 11.249619 114.000000 1704455733.581203
0.000000 7.778992 -5459.655551 10.052851 115.000000 1704455733.581923
2.872243 9.095437 -4853.612243 8.257699 115.000000 1704455733.581923
4.667395 10.052851 -2268.473717 12.207033 116.000000 1704455733.595481
4.308365 9.334790 -1522.288878 12.326710 116.000000 1704455733.595481
10.531558 13.523478 -66.181270 17.233459 117.000000 1704455733.611197
6.821578 13.284125 -2982.465497 19.148288 117.000000 1704455733.611197
4.069011 10.770912 -2150.831424 16.276045 118.000000 1704455733.612002
9.454467 13.044771 -1262.709902 17.592489 118.000000 1704455733.612002
8.497053 10.651235 -410.611096 12.207033 119.000000 1704455733.625486
11.728326 18.190873 -2473.360396 18.310550 119.000000 1704455733.625486
13.403801 19.507318 -2386.594717 18.071197 120.000000 1704455733.641201
9.334790 8.975760 -3766.228851 14.480893 120.000000 1704455733.641201
11.488973 18.549904 -4582.663971 14.002185 121.000000 1704455733.641922
0.837738 8.377376 -5130.424678 8.377376 121.000000 1704455733.641922
4.787072 11.728326 -3523.284950 8.377376 122.000000 1704455733.655478
2.752566 7.060931 -2170.578096 7.060931 122.000000 1704455733.655478
4.906749 8.497053 -1030.895943 7.539638 123.000000 1704455733.671180
5.624810 13.044771 981.589102 13.523478 123.000000 1704455733.671180
16.874429 19.148288 -2434.585114 23.097622 124.000000 1704455733.671908
4.188688 7.060931 -296.080400 13.164448 124.000000 1704455733.671908
3.590304 3.709981 1778.038197 7.778992 125.000000 1704455733.685453
11.728326 12.207033 1500.148670 11.967680 125.000000 1704455733.685453
7.898669 8.856083 1469.152379 14.720246 126.000000 1704455733.701197
3.350950 13.523478 1357.374250 10.651235 126.000000 1704455733.701197
1.675475 6.701901 3069.949237 11.608649 127.000000 1704455733.701903
10.651235 15.557984 1404.526908 21.063117 127.000000 1704455733.701903
1.316445 5.026426 1782.107208 8.018346 128.000000 1704455733.715475
15.198953 21.661501 -247.371943 19.148288 128.000000 1704455733.715475
5.146102 12.087357 -458.601492 12.566064 129.000000 1704455733.731213
11.129942 14.121862 -1292.270071 13.523478 129.000000 1704455733.731213
5.864163 10.052851 -961.124369 12.326710 130.000000 1704455733.731897
-5.505133 1.914829 2743.710284 -0.239354 130.000000 1704455733.731897
-14.002185 -6.342870 6066.895627 -2.513213 131.000000 1704455733.745474
10.052851 12.326710 1935.772217 12.087357 131.000000 1704455733.745474
2.991920 9.574144 2263.207938 14.839923 132.000000 1704455733.761178
4.069011 10.531558 659.778191 19.267965 132.000000 1704455733.761178
8.257699 10.651235 -228.343332 13.882509 133.000000 1704455733.761894
11.608649 16.395721 -686.825147 16.994105 133.000000 1704455733.761894
12.805417 15.198953 348.139807 19.387641 134.000000 1704455733.775451
11.848003 12.685741 -1753.624130 16.874429 134.000000 1704455733.775451
11.129942 15.557984 -4576.919485 14.361216 135.000000 1704455733.791165
2.513213 9.095437 -5416.691581 17.831843 135.000000 1704455733.791165
2.872243 6.582224 -5005.003394 14.121862 136.000000 1704455733.791899
3.350950 12.326710 -2641.386622 8.736406 136.000000 1704455733.791899
12.805417 18.669581 -4384.359516 12.207033 137.000000 1704455733.805526
9.215113 11.129942 -6293.443807 11.728326 137.000000 1704455733.805526
-0.598384 11.967680 -3870.826373 15.797337 138.000000 1704455733.821193
7.180608 8.616729 -3733.796439 11.129942 138.000000 1704455733.821193
3.949334 8.616729 -3293.625174 15.797337 139.000000 1704455733.821929
4.308365 12.446387 -5182.244732 16.036691 139.000000 1704455733.821929
6.941254 11.369296 -4672.660924 16.276045 140.000000 1704455733.835518
7.180608 15.438307 -4207.716561 16.635075 140.000000 1704455733.835518
6.103517 11.967680 -4814.956637 14.720246 141.000000 1704455733.851174
4.308365 11.848003 -3684.369921 12.326710 141.000000 1704455733.851174
12.805417 16.515398 -2658.500404 18.430227 142.000000 1704455733.851884
11.369296 14.361216 -1532.820436 15.079277 142.000000 1704455733.851884
16.635075 16.635075 -2872.243166 21.182793 143.000000 1704455733.865533
3.949334 9.454467 -273.222131 14.361216 143.000000 1704455733.865533
3.829658 7.778992 -4573.209504 9.933174 144.000000 1704455733.881178
12.087357 15.318630 -1991.421928 16.515398 144.000000 1704455733.881178
8.856083 11.848003 -2947.400195 11.488973 145.000000 1704455733.881881
13.643155 13.882509 -4112.573506 24.174713 145.000000 1704455733.881881
4.188688 8.616729 -6065.459506 15.917014 146.000000 1704455733.895538
1.316445 6.342870 -4169.060955 5.505133 146.000000 1704455733.895538
13.164448 17.712166 -4439.410843 16.994105 147.000000 1704455733.911194
10.052851 15.677661 -2532.361058 13.164448 147.000000 1704455733.911194
18.669581 17.712166 -4358.269974 13.762832 148.000000 1704455733.911889
5.624810 11.728326 -4630.415014 12.925094 148.000000 1704455733.911889
13.164448 18.190873 -7099.108015 17.712166 149.000000 1704455733.925517
-64.745148 -56.248095 -15602.383908 -45.955891 149.000000 1704455733.925517
-49.187164 -36.022716 -7996.684004 -32.073382 150.000000 1704455733.941217
14.959600 21.541824 -4441.804379 18.549904 150.000000 1704455733.941217
6.582224 8.138022 -5569.997560 14.361216 151.000000 1704455733.941906
-35.424332 -22.977945 -14402.624002 -14.002185 151.000000 1704455733.941906
-75.276706 -62.710642 -15477.561007 -46.913305 152.000000 1704455733.955513
-86.885356 -80.542485 -15686.277344 -71.088018 152.000000 1704455733.955513
-103.879461 -83.055698 -15686.277344 -75.994767 153.000000 1704455733.971174
-70.489634 -54.452943 -15202.065017 -51.580700 153.000000 1704455733.971174
-43.203324 -30.756937 -14587.764010 -23.696006 154.000000 1704455733.971893
-27.405987 -22.259885 -12245.689061 -14.002185 154.000000 1704455733.971893
1.196768 3.590304 -10349.529865 9.454467 155.000000 1704455733.985515
-13.643155 -3.949334 -11963.969877 7.060931 155.000000 1704455733.985515
-14.959600 -7.659315 -12024.646014 -0.837738 156.000000 1704455734.017584
-17.712166 -15.318630 -12821.813170 -8.616729 156.000000 1704455734.017584
-15.677661 -11.848003 -12918.033316 -6.342870 157.000000 1704455734.018274
-16.754752 -9.095437 -12773.224389 -5.744486 157.000000 1704455734.018274
-32.671766 -23.935360 -14281.750436 -13.164448 158.000000 1704455734.019019
-25.850188 -18.190873 -13478.001056 -13.284125 158.000000 1704455734.019019
-27.046956 -19.866349 -12054.684891 -9.454467 159.000000 1704455734.019769
-4.787072 2.872243 -11853.986900 7.659315 159.000000 1704455734.019769
2.513213 7.180608 -10721.246001 13.643155 160.000000 1704455734.030471
-3.829658 4.069011 -12385.232208 8.377376 160.000000 1704455734.030471
-21.661501 -21.422147 -13396.381480 -14.600569 161.000000 1704455734.045485
-9.095437 -2.752566 -12214.453417 -0.718061 161.000000 1704455734.045485
0.837738 7.419962 -11199.594165 13.284125 162.000000 1704455734.061138
-7.539638 2.513213 -12043.674625 2.872243 162.000000 1704455734.061138
0.718061 0.718061 -12017.226053 8.138022 163.000000 1704455734.061869
-8.497053 -6.821578 -12172.207507 1.675475 163.000000 1704455734.061869
4.428042 11.488973 -9140.435169 12.087357 164.000000 1704455734.075472
21.063117 24.414067 -7385.135564 23.815683 164.000000 1704455734.075472
23.576329 29.560169 -7216.989662 23.576329 165.000000 1704455734.091133
28.004371 26.927280 -7388.127484 29.320816 165.000000 1704455734.091133
28.243724 30.158553 -7442.700104 25.730512 166.000000 1704455734.091867
27.645340 27.166633 -8272.179995 26.807603 166.000000 1704455734.091867
13.284125 11.848003 -9589.941224 16.754752 167.000000 1704455734.105459
16.036691 17.712166 -9417.965664 22.499238 167.000000 1704455734.105459
7.060931 11.129942 -10980.465947 18.669581 168.000000 1704455734.121186
-0.478707 3.231274 -11312.808416 6.582224 168.000000 1704455734.121186
12.685741 17.712166 -8784.396693 18.669581 169.000000 1704455734.121923
23.696006 27.525664 -7996.684004 30.158553 169.000000 1704455734.121923
19.507318 25.012451 -7484.347630 25.132128 170.000000 1704455734.135470
29.081462 30.637260 -6884.288162 27.645340 170.000000 1704455734.135470
22.618915 28.722432 -6514.726208 25.371481 171.000000 1704455734.151189
23.097622 29.081462 -8239.867259 29.440492 171.000000 1704455734.151189
20.345056 24.892774 -7096.834156 23.935360 172.000000 1704455734.151922
20.464733 34.347241 -7638.251993 26.568249 172.000000 1704455734.151922
25.730512 28.004371 -7069.906876 31.953705 173.000000 1704455734.165487
25.251805 28.243724 -7651.416441 35.903040 173.000000 1704455734.165487
24.773097 27.884694 -7049.083113 22.618915 174.000000 1704455734.181213
28.004371 28.363401 -7528.987076 29.679846 174.000000 1704455734.181213
11.249619 22.977945 -8612.181780 21.661501 175.000000 1704455734.181910
19.626995 23.576329 -7640.406175 25.730512 175.000000 1704455734.181910
22.259885 28.842108 -6904.274187 28.602755 176.000000 1704455734.195466
22.618915 21.900854 -6944.964299 24.773097 176.000000 1704455734.195466
27.645340 33.030796 -6527.172595 29.919200 177.000000 1704455734.211201
24.653421 29.560169 -8672.857916 24.294390 177.000000 1704455734.211201
16.754752 25.132128 -5947.577859 23.576329 178.000000 1704455734.211991
18.669581 26.807603 -9759.403571 28.124048 178.000000 1704455734.211991
9.574144 18.789257 -8059.514324 15.438307 179.000000 1704455734.225459
27.046956 29.201139 -6198.779459 27.645340 179.000000 1704455734.225459
24.294390 30.158553 -6087.360360 23.576329 180.000000 1704455734.241184
24.174713 37.099808 -6459.914234 27.286310 180.000000 1704455734.241184
19.986025 29.560169 -5249.503093 24.294390 181.000000 1704455734.241907
26.209219 32.911120 -3133.497617 27.405987 181.000000 1704455734.241907
36.262070 33.868534 -3193.455693 39.732697 182.000000 1704455734.255463
24.414067 31.474998 -3871.544434 31.235644 182.000000 1704455734.255463
31.953705 30.996291 -2174.766784 33.868534 183.000000 1704455734.271219
31.474998 33.988211 -2076.871163 35.663686 183.000000 1704455734.271219
31.115968 31.474998 -1052.677120 31.235644 184.000000 1704455734.271923
35.544009 36.262070 -1897.236288 33.748857 184.000000 1704455734.271923
27.645340 27.765017 -2106.910039 28.124048 185.000000 1704455734.285474
30.278230 30.038876 -1465.681752 30.637260 185.000000 1704455734.285474
27.405987 32.791443 -1362.280998 32.073382 186.000000 1704455734.301186
30.397907 36.262070 -2333.458219 30.038876 186.000000 1704455734.301186
24.174713 27.166633 -3784.180371 27.286310 187.000000 1704455734.301916
22.140208 28.243724 -3425.269652 27.405987 187.000000 1704455734.301916
27.046956 31.474998 -2755.917318 31.115968 188.000000 1704455734.315486
28.722432 29.679846 -3717.400718 28.602755 188.000000 1704455734.315486
24.174713 25.251805 -3590.902341 25.730512 189.000000 1704455734.331208
24.414067 26.328896 -3523.524304 25.491158 189.000000 1704455734.331208
28.961785 28.722432 -3313.730876 32.073382 190.000000 1704455734.331918
25.132128 28.722432 -3149.893339 29.799523 190.000000 1704455734.331918
31.355321 34.825948 -3745.285412 31.834028 191.000000 1704455734.361885
14.600569 24.533744 -8559.523988 18.669581 191.000000 1704455734.361885
5.864163 12.326710 -7603.665398 16.635075 192.000000 1704455734.362905
6.103517 15.797337 -9385.652929 15.198953 192.000000 1704455734.362905
6.582224 10.411881 -5721.987094 14.720246 193.000000 1704455734.363334
24.055037 23.935360 -4647.768150 27.286310 193.000000 1704455734.363334
10.052851 13.164448 -8469.048328 22.618915 194.000000 1704455734.375499
15.677661 16.635075 -5907.366455 18.310550 194.000000 1704455734.375499
23.576329 24.174713 -6906.548046 21.422147 195.000000 1704455734.391167
19.028611 19.986025 -4455.806565 18.071197 195.000000 1704455734.391167
23.696006 28.602755 -4767.803979 28.483078 196.000000 1704455734.391889
15.557984 18.310550 -6067.254658 19.507318 196.000000 1704455734.391889
21.422147 24.414067 -5986.712172 23.456653 197.000000 1704455734.405514
19.028611 21.182793 -8216.410607 24.892774 197.000000 1704455734.405514
8.736406 6.941254 -8877.864272 14.480893 198.000000 1704455734.420491
8.497053 11.608649 -6536.627062 15.677661 198.000000 1704455734.420491
21.661501 30.637260 -4773.548465 25.491158 100.000000 1704455734.436179
18.789257 24.174713 -5763.634620 19.866349 100.000000 1704455734.436179
18.789257 23.696006 -5785.056767 28.243724 101.000000 1704455734.436904
16.994105 22.738592 -3935.451845 17.951520 101.000000 1704455734.436904
23.217299 25.491158 -3716.084273 23.935360 102.000000 1704455734.450500
26.209219 24.055037 -4035.022941 27.884694 102.000000 1704455734.450500
20.823763 26.807603 -3605.861941 27.405987 103.000000 1704455734.466172
22.738592 23.815683 -2376.422189 23.336976 103.000000 1704455734.466172
19.507318 27.166633 -2029.120120 26.687926 104.000000 1704455734.466904
29.081462 29.560169 -3641.525627 31.355321 104.000000 1704455734.466904
17.233459 29.799523 -4122.147650 25.251805 105.000000 1704455734.480508
28.004371 28.004371 -3086.703989 24.892774 105.000000 1704455734.480508
20.823763 26.927280 -3893.564965 25.610835 106.000000 1704455734.496205
22.977945 25.969865 -4328.829482 25.012451 106.000000 1704455734.496205
18.908934 21.302470 -6479.062522 20.943440 107.000000 1704455734.496892
17.353136 20.464733 -6289.973180 21.302470 107.000000 1704455734.496892
21.182793 19.626995 -5946.740122 17.592489 108.000000 1704455734.510493
13.164448 19.148288 -6678.683422 15.557984 108.000000 1704455734.510493
14.959600 18.549904 -7582.961312 16.276045 109.000000 1704455734.526169
-2.991920 4.547718 -10010.724848 7.180608 109.000000 1704455734.526169
8.497053 14.121862 -6800.394726 14.959600 110.000000 1704455734.526894
12.207033 20.823763 -7181.086622 20.464733 110.000000 1704455734.526894
7.659315 17.113782 -6754.917542 13.762832 111.000000 1704455734.540496
13.164448 22.738592 -4772.710727 22.618915 111.000000 1704455734.540496
18.908934 22.499238 -5089.136183 21.661501 112.000000 1704455734.556211
16.754752 23.456653 -1642.444384 21.182793 112.000000 1704455734.556211
21.182793 27.405987 -552.069072 27.046956 113.000000 1704455734.556885
27.046956 28.961785 -3497.315085 30.637260 113.000000 1704455734.556885
20.105702 24.773097 -4289.695168 21.302470 114.000000 1704455734.570486
19.507318 24.653421 -3486.663850 26.687926 114.000000 1704455734.570486
20.704086 25.132128 -2013.203106 22.858269 115.000000 1704455734.586169
17.592489 24.414067 -2699.549546 20.464733 115.000000 1704455734.586169
19.626995 23.097622 -2212.464975 24.773097 116.000000 1704455734.586901
22.140208 26.448572 -3388.409198 27.884694 116.000000 1704455734.586901
21.900854 24.294390 -3955.198516 25.371481 117.000000 1704455734.600504
15.079277 23.576329 -3520.532384 22.738592 117.000000 1704455734.600504
17.233459 20.584409 -1296.339082 18.310550 118.000000 1704455734.616183
19.028611 22.259885 -306.492281 22.499238 118.000000 1704455734.616183
17.951520 23.097622 338.445986 21.063117 119.000000 1704455734.616896
14.720246 20.225379 301.705209 18.430227 119.000000 1704455734.616896
26.927280 26.448572 -1821.720228 28.722432 120.000000 1704455734.630508
11.010265 12.925094 409.294651 13.762832 120.000000 1704455734.630508
13.643155 16.994105 2453.374371 16.156368 121.000000 1704455734.646173
16.036691 22.499238 1556.396766 21.182793 121.000000 1704455734.646173
18.669581 24.892774 1195.212187 23.935360 122.000000 1704455734.646893
16.874429 23.935360 526.218883 23.217299 122.000000 1704455734.646893
17.113782 21.422147 1414.460082 20.943440 123.000000 1704455734.660476
13.762832 17.472813 1391.482137 17.951520 123.000000 1704455734.660476
22.499238 25.251805 -364.655205 23.815683 124.000000 1704455734.676176
16.874429 19.986025 -181.430027 20.704086 124.000000 1704455734.676176
20.464733 21.182793 335.454066 22.140208 125.000000 1704455734.676877
14.002185 14.839923 1606.182314 17.592489 125.000000 1704455734.676877
17.712166 19.866349 1337.029194 19.507318 126.000000 1704455734.690494
14.600569 21.302470 -438.376113 20.345056 126.000000 1704455734.690494
28.004371 28.243724 -2499.808969 26.687926 127.000000 1704455734.706168
13.044771 21.661501 -4740.996376 17.472813 127.000000 1704455734.706168
10.172528 16.515398 -3434.125735 17.472813 128.000000 1704455734.706874
11.249619 20.345056 -1942.474118 16.276045 128.000000 1704455734.706874
16.515398 20.225379 -1124.842230 22.499238 129.000000 1704455734.720497
17.113782 21.422147 -2592.319134 25.132128 129.000000 1704455734.720497
10.411881 15.079277 -2525.180450 20.105702 130.000000 1704455734.736217
19.626995 23.935360 -2720.971693 22.977945 130.000000 1704455734.736217
11.010265 20.823763 -2299.589685 20.345056 131.000000 1704455734.736941
11.488973 20.464733 -896.618575 14.959600 131.000000 1704455734.736941
16.036691 16.994105 9.215113 18.789257 132.000000 1704455734.750503
15.797337 20.464733 -1935.772217 23.815683 132.000000 1704455734.750503
10.052851 21.182793 -744.389687 20.105702 133.000000 1704455734.766224
21.781177 28.483078 -3358.609675 27.166633 133.000000 1704455734.766224
5.265779 14.720246 -5791.878344 17.233459 134.000000 1704455734.766953
10.890589 15.557984 -5476.889010 14.361216 134.000000 1704455734.766953
13.284125 17.592489 -5121.089888 17.233459 135.000000 1704455734.780479
11.488973 13.882509 -4868.332490 12.566064 135.000000 1704455734.780479
11.848003 19.267965 -2933.398010 18.549904 136.000000 1704455734.796266
10.172528 19.866349 -3290.633254 17.592489 136.000000 1704455734.796266
14.121862 23.576329 -2832.989176 21.302470 137.000000 1704455734.796958
15.677661 20.345056 -3768.502711 19.387641 137.000000 1704455734.796958
5.744486 15.557984 -3436.519271 14.002185 138.000000 1704455734.810483
12.685741 17.831843 -2790.743266 17.353136 138.000000 1704455734.810483
17.113782 20.345056 -3326.177263 20.704086 139.000000 1704455734.826230
13.284125 15.198953 -3908.883595 17.951520 139.000000 1704455734.826230
13.762832 17.113782 -4814.238577 19.626995 140.000000 1704455734.826939
14.241539 19.626995 -4678.405410 15.438307 140.000000 1704455734.826939
5.744486 6.103517 -2490.713532 10.292205 141.000000 1704455734.840488
14.361216 19.746672 -3099.389730 17.113782 141.000000 1704455734.840488
10.292205 13.044771 -3031.293631 9.454467 142.000000 1704455734.856205
15.917014 18.908934 -1785.458158 17.951520 142.000000 1704455734.856205
11.848003 19.148288 -2065.980574 19.267965 143.000000 1704455734.856939
13.643155 22.020531 -3380.031822 19.746672 143.000000 1704455734.856939
8.736406 13.164448 -2553.902882 18.908934 144.000000 1704455734.870484
9.454467 13.044771 198.783162 13.523478 144.000000 1704455734.870484
10.770912 18.789257 138.466056 18.669581 145.000000 1704455734.886220
17.113782 19.387641 -588.809849 19.387641 145.000000 1704455734.886220
6.941254 16.635075 695.800907 11.129942 146.000000 1704455734.886932
9.813497 12.805417 2105.593594 14.480893 146.000000 1704455734.886932
7.898669 7.300285 2697.036333 7.300285 147.000000 1704455734.900488
18.908934 21.900854 -354.243324 22.259885 147.000000 1704455734.900488
13.403801 17.113782 -414.440753 21.182793 148.000000 1704455734.916218
14.361216 18.669581 -953.345378 22.259885 148.000000 1704455734.916218
10.651235 15.917014 -1814.778974 18.071197 149.000000 1704455734.916925
13.284125 17.472813 -1007.080260 15.318630 149.000000 1704455734.916925
15.079277 17.353136 -2740.359334 22.858269 150.000000 1704455734.930594
15.557984 22.020531 -3339.222034 26.089542 150.000000 1704455734.930594
5.265779 9.215113 -2590.284629 10.292205 151.000000 1704455734.946188
16.276045 19.507318 -2922.627098 18.908934 151.000000 1704455734.946188
7.659315 10.770912 -3665.460987 11.967680 152.000000 1704455734.946968
15.318630 18.669581 -3796.507081 21.063117 152.000000 1704455734.946968
5.983840 15.438307 -3419.764519 15.079277 153.000000 1704455734.976856
6.582224 6.941254 -921.152319 11.129942 153.000000 1704455734.976856
16.635075 21.182793 -1254.452203 22.618915 154.000000 1704455734.977591
9.334790 14.600569 -618.968402 17.712166 154.000000 1704455734.977591
14.480893 13.643155 -407.619176 22.259885 155.000000 1704455734.978340
17.472813 16.874429 -1278.746593 20.464733 155.000000 1704455734.978340
7.659315 9.454467 -2374.148330 14.361216 156.000000 1704455734.990518
12.207033 12.446387 -378.178684 13.643155 156.000000 1704455734.990518
13.403801 15.438307 -837.139206 13.762832 157.000000 1704455735.006194
8.975760 11.249619 -381.050927 15.438307 157.000000 1704455735.006194
11.608649 15.797337 -533.279814 15.198953 158.000000 1704455735.006913
10.292205 13.044771 -600.179145 14.002185 158.000000 1704455735.006913
6.462547 14.839923 212.785348 15.198953 159.000000 1704455735.020516
7.060931 18.430227 884.650895 15.557984 159.000000 1704455735.020516
9.334790 19.986025 -1020.603738 20.943440 160.000000 1704455735.036182
5.026426 9.334790 585.339222 11.728326 160.000000 1704455735.036182
10.890589 15.677661 814.520291 15.318630 161.000000 1704455735.036922
13.403801 16.994105 34.825948 21.302470 161.000000 1704455735.036922
4.787072 13.643155 106.272997 8.975760 162.000000 1704455735.050521
7.778992 13.044771 1058.780637 16.036691 162.000000 1704455735.050521
7.060931 11.249619 1197.486047 13.882509 163.000000 1704455735.066184
18.071197 20.225379 -4629.098569 21.661501 163.000000 1704455735.066184
3.709981 7.180608 -6761.858797 11.967680 164.000000 1704455735.066918
4.906749 12.446387 -3632.549867 13.523478 164.000000 1704455735.066918
11.608649 15.198953 -2927.892877 14.241539 165.000000 1704455735.080512
12.805417 13.762832 -5219.703570 14.241539 165.000000 1704455735.080512
3.111597 8.377376 -4802.151220 9.574144 166.000000 1704455735.096172
7.898669 14.121862 -4785.396468 15.198953 166.000000 1704455735.096172
8.975760 19.387641 -6126.973380 18.789257 167.000000 1704455735.096896
9.813497 9.454467 -3621.659279 10.531558 167.000000 1704455735.096896
12.685741 11.129942 -2226.826191 17.113782 168.000000 1704455735.110502
11.967680 17.951520 -3300.686105 20.345056 168.000000 1704455735.110502
8.257699 15.079277 -2045.037134 11.608649 169.000000 1704455735.126180
4.667395 13.643155 -1072.543469 9.813497 169.000000 1704455735.126180
10.531558 14.720246 213.623085 14.720246 170.000000 1704455735.126897
16.515398 23.456653 -2439.013155 18.310550 170.000000 1704455735.126897
10.651235 12.207033 -1775.165953 14.600569 171.000000 1704455735.140536
10.531558 13.403801 -3651.817832 10.172528 171.000000 1704455735.140536
15.438307 19.986025 -4832.070420 18.430227 172.000000 1704455735.156180
9.693821 13.284125 -4168.582248 17.233459 172.000000 1704455735.156180
14.002185 16.276045 -3300.566428 16.874429 173.000000 1704455735.156900
9.574144 14.839923 -832.232457 14.959600 173.000000 1704455735.156900
11.488973 15.797337 510.421546 16.994105 174.000000 1704455735.170518
13.403801 21.422147 -1322.428624 23.815683 174.000000 1704455735.170518
14.720246 20.105702 -1805.563860 22.379561 175.000000 1704455735.186178
11.848003 17.831843 -3549.135139 17.472813 175.000000 1704455735.186178
3.709981 12.087357 -4811.964717 12.207033 176.000000 1704455735.186900
12.805417 15.079277 -1580.332125 17.233459 176.000000 1704455735.186900
13.164448 16.156368 -1462.091448 16.874429 177.000000 1704455735.200516
7.778992 13.284125 -2005.304437 13.523478 177.000000 1704455735.200516
7.060931 9.334790 416.834289 12.326710 178.000000 1704455735.216163
-3.829658 3.231274 3041.825190 7.060931 178.000000 1704455735.216163
2.513213 5.744486 3779.752330 9.215113 179.000000 1704455735.216907
9.813497 12.446387 1460.535650 15.198953 179.000000 1704455735.216907
6.103517 9.454467 1455.150194 10.770912 180.000000 1704455735.230498
16.156368 14.002185 1423.794873 15.677661 180.000000 1704455735.230498
14.361216 17.113782 137.269288 11.728326 181.000000 1704455735.246230
12.446387 18.190873 -1859.897127 18.789257 181.000000 1704455735.246230
6.342870 15.797337 -2366.369338 15.318630 182.000000 1704455735.246950
5.744486 13.044771 -1756.017666 11.488973 182.000000 1704455735.246950
8.138022 13.164448 -288.181731 11.010265 183.000000 1704455735.260524
10.890589 12.925094 958.132449 18.908934 183.000000 1704455735.260524
7.300285 9.334790 521.431811 11.967680 184.000000 1704455735.276245
8.257699 11.249619 1621.141914 9.334790 184.000000 1704455735.276245
11.249619 15.677661 377.221269 18.908934 185.000000 1704455735.276963
8.736406 9.095437 658.820776 10.890589 185.000000 1704455735.276963
15.797337 18.908934 356.517183 19.267965 186.000000 1704455735.290509
15.318630 13.284125 -1119.696128 13.284125 186.000000 1704455735.290509
12.805417 15.438307 -1564.056081 16.635075 187.000000 1704455735.306234
7.419962 13.044771 -1301.963892 12.805417 187.000000 1704455735.306234
12.805417 15.797337 37.458838 17.233459 188.000000 1704455735.306951
12.207033 16.036691 -1529.948193 15.917014 188.000000 1704455735.306951
12.326710 15.677661 -2276.611739 12.326710 189.000000 1704455735.320516
13.403801 14.241539 -2169.022298 14.839923 189.000000 1704455735.320516
7.898669 16.874429 -3402.890091 12.925094 190.000000 1704455735.336237
8.138022 15.198953 -2968.702666 19.626995 190.000000 1704455735.336237
8.018346 13.044771 -1887.781821 12.925094 191.000000 1704455735.336956
10.531558 16.635075 -4185.456677 16.635075 191.000000 1704455735.336956
12.207033 14.121862 -4788.268711 14.720246 192.000000 1704455735.350502
2.991920 10.531558 -4294.482240 11.608649 192.000000 1704455735.350502
3.709981 11.967680 -2465.820758 10.890589 193.000000 1704455735.366484
4.787072 11.010265 -602.213650 7.060931 193.000000 1704455735.366484
7.778992 13.164448 875.914489 12.685741 194.000000 1704455735.366959
10.770912 14.839923 847.910118 11.369296 194.000000 1704455735.366959
3.590304 8.018346 1728.611679 8.856083 195.000000 1704455735.380488
6.103517 14.480893 1291.073303 11.967680 195.000000 1704455735.380488
8.377376 12.925094 1188.270933 17.233459 196.000000 1704455735.396239
9.095437 11.488973 681.080661 15.917014 196.000000 1704455735.396239
0.000000 6.582224 2490.833209 7.898669 197.000000 1704455735.396948
19.387641 19.986025 -2324.841489 23.935360 197.000000 1704455735.396948
-2.513213 -0.718061 746.065162 -1.316445 198.000000 1704455735.410490
17.951520 19.986025 -88.560831 18.908934 198.000000 1704455735.410490
9.454467 12.326710 -3757.612122 14.121862 199.000000 1704455735.425507
2.393536 5.146102 -4962.877160 13.284125 199.000000 1704455735.425507
2.393536 11.848003 -5723.064185 13.164448 100.000000 1704455735.441218
3.949334 12.207033 -6016.272342 6.462547 100.000000 1704455735.441218
11.129942 13.523478 -5145.384278 11.728326 101.000000 1704455735.441964
1.077091 1.795152 -5018.287518 5.624810 101.000000 1704455735.441964
9.574144 12.446387 -3934.135400 16.515398 102.000000 1704455735.455480
4.667395 9.095437 -4041.006781 17.113782 102.000000 1704455735.455480
9.693821 13.523478 -6418.625738 11.129942 103.000000 1704455735.471246
0.598384 4.069011 -3605.981618 3.829658 103.000000 1704455735.471246
6.103517 12.446387 -2194.752809 10.890589 104.000000 1704455735.471941
13.762832 20.943440 -2551.868376 20.584409 104.000000 1704455735.471941
7.539638 10.411881 -3226.606167 12.566064 105.000000 1704455735.485519
14.121862 17.592489 -2414.000704 19.387641 105.000000 1704455735.485519
8.018346 11.728326 -1658.600752 14.480893 106.000000 1704455735.501220
6.103517 11.488973 -261.493805 14.480893 106.000000 1704455735.501220
15.198953 14.959600 -1057.344515 14.720246 107.000000 1704455735.501952
13.284125 12.566064 -3050.800949 14.959600 107.000000 1704455735.501952
9.215113 8.975760 -2072.562798 9.454467 108.000000 1704455735.515624
17.353136 21.781177 -1505.773480 17.233459 108.000000 1704455735.515624
6.342870 11.010265 -3405.522980 10.770912 109.000000 1704455735.531225
7.778992 14.241539 -1011.029594 11.488973 109.000000 1704455735.531225
10.411881 15.917014 1316.564461 17.831843 110.000000 1704455735.531937
14.720246 20.345056 -1256.845739 19.148288 110.000000 1704455735.531937
10.770912 19.746672 -2941.057325 16.874429 111.000000 1704455735.545620
11.369296 14.959600 -3176.940295 17.712166 111.000000 1704455735.545620
10.292205 13.284125 -2166.628762 13.643155 112.000000 1704455735.561220
11.608649 12.566064 -970.698513 12.925094 112.000000 1704455735.561220
15.438307 19.986025 -1738.305499 20.345056 113.000000 1704455735.561953
8.138022 17.592489 -2411.966199 13.403801 113.000000 1704455735.561953
7.539638 19.866349 -3689.396347 17.951520 114.000000 1704455735.575629
9.095437 16.994105 -3543.390652 13.403801 114.000000 1704455735.575629
11.249619 14.959600 -3962.857831 13.762832 115.000000 1704455735.591215
10.411881 11.369296 -4059.796038 16.156368 115.000000 1704455735.591215
8.736406 11.249619 -5443.379507 15.318630 116.000000 1704455735.591941
3.111597 11.249619 -4446.471775 10.411881 116.000000 1704455735.591941
2.632890 1.196768 -5929.985370 7.060931 117.000000 1704455735.605619
2.513213 10.651235 -2929.807706 14.720246 117.000000 1704455735.605619
13.643155 16.994105 -1167.925877 14.241539 118.000000 1704455735.621211
8.377376 12.685741 -143.971189 16.036691 118.000000 1704455735.621211
14.720246 11.848003 545.367171 12.685741 119.000000 1704455735.621938
12.446387 14.002185 359.509103 12.326710 119.000000 1704455735.621938
6.821578 12.446387 1067.277690 6.582224 120.000000 1704455735.635624
9.095437 11.010265 1193.656389 11.369296 120.000000 1704455735.635624
6.103517 11.728326 847.311734 12.805417 121.000000 1704455735.651232
7.659315 14.002185 1196.767986 14.720246 121.000000 1704455735.651232
17.233459 14.361216 583.065363 18.789257 122.000000 1704455735.651952
6.223194 14.241539 -18.908934 13.284125 122.000000 1704455735.651952
10.890589 16.156368 214.460823 13.164448 123.000000 1704455735.681875
11.488973 15.557984 -113.932312 14.600569 123.000000 1704455735.681875
7.778992 18.430227 -883.214774 18.310550 124.000000 1704455735.682591
11.010265 14.959600 -1465.681752 14.361216 124.000000 1704455735.682591
6.462547 11.967680 -2519.794994 19.267965 125.000000 1704455735.683330
10.890589 16.754752 -2464.025606 20.704086 125.000000 1704455735.683330
10.172528 10.890589 -2066.219928 15.079277 126.000000 1704455735.695536
10.052851 11.967680 -2533.677503 18.908934 126.000000 1704455735.695536
7.419962 9.813497 -3565.291507 12.685741 127.000000 1704455735.711187
5.146102 9.693821 -859.399091 12.207033 127.000000 1704455735.711187
9.095437 14.720246 -1215.437566 17.353136 128.000000 1704455735.711936
7.778992 12.566064 24.533744 20.225379 128.000000 1704455735.711936
9.215113 15.557984 -633.568972 13.403801 129.000000 1704455735.725520
1.675475 9.574144 820.384454 12.685741 129.000000 1704455735.725520
13.643155 14.839923 38.655606 20.584409 130.000000 1704455735.741215
14.002185 13.523478 -632.970588 18.669581 130.000000 1704455735.741215
9.454467 16.036691 -874.358690 12.207033 131.000000 1704455735.741943
5.983840 8.616729 287.463670 13.284125 131.000000 1704455735.741943
8.856083 16.515398 744.748718 15.917014 132.000000 1704455735.755539
-2.154182 4.428042 3046.013878 7.659315 132.000000 1704455735.755539
-4.069011 2.991920 3758.330183 3.350950 133.000000 1704455735.771190
1.316445 5.624810 3564.094739 2.513213 133.000000 1704455735.771190
1.795152 12.446387 1511.039259 8.736406 134.000000 1704455735.771930
2.752566 6.941254 2766.927583 10.172528 134.000000 1704455735.771930
4.547718 8.018346 2339.202705 8.736406 135.000000 1704455735.785511
7.659315 13.762832 2020.862421 13.403801 135.000000 1704455735.785511
4.428042 7.778992 1918.299404 7.300285 136.000000 1704455735.801185
2.393536 7.778992 3325.937909 8.616729 136.000000 1704455735.801185
-1.436122 10.411881 2469.411062 6.223194 137.000000 1704455735.801911
-4.906749 5.983840 3953.523041 2.991920 137.000000 1704455735.801911
5.265779 14.480893 2751.848307 9.574144 138.000000 1704455735.815498
11.369296 14.959600 295.003309 13.403801 138.000000 1704455735.815498
8.257699 16.874429 -1207.179867 19.626995 139.000000 1704455735.831181
5.864163 13.643155 -272.623747 15.557984 139.000000 1704455735.831181
8.497053 12.446387 -193.278030 18.789257 140.000000 1704455735.831909
13.044771 15.797337 -932.760968 15.917014 140.000000 1704455735.831909
12.685741 12.925094 -949.156690 15.797337 141.000000 1704455735.845521
3.829658 11.848003 -440.410619 14.600569 141.000000 1704455735.845521
7.419962 12.087357 -350.772697 18.190873 142.000000 1704455735.861236
11.608649 11.848003 -1126.637382 16.874429 142.000000 1704455735.861236
13.284125 13.762832 -858.202323 15.557984 143.000000 1704455735.861969
8.138022 16.036691 -2358.829700 16.635075 143.000000 1704455735.861969
11.010265 13.762832 -2120.672871 17.712166 144.000000 1704455735.875498
6.821578 11.129942 -990.086155 12.207033 144.000000 1704455735.875498
16.156368 11.848003 -1893.765661 14.121862 145.000000 1704455735.891230
9.095437 11.249619 -3694.303095 14.959600 145.000000 1704455735.891230
7.898669 9.813497 -3727.812599 13.284125 146.000000 1704455735.891985
2.752566 11.129942 -4749.972136 15.677661 146.000000 1704455735.891985
4.428042 7.180608 -1714.489816 9.574144 147.000000 1704455735.905524
10.052851 16.395721 -987.453265 15.079277 147.000000 1704455735.905524
11.728326 13.284125 -1299.570356 14.480893 148.000000 1704455735.921269
10.651235 12.566064 -3243.480595 20.225379 148.000000 1704455735.921269
6.462547 13.044771 -3074.377279 6.821578 149.000000 1704455735.921971
6.223194 15.797337 -4174.925119 15.677661 149.000000 1704455735.921971
10.411881 14.002185 -5463.365532 14.002185 150.000000 1704455735.935519
7.300285 11.488973 -5209.052335 10.890589 150.000000 1704455735.935519
1.795152 8.377376 -4896.336860 8.018346 151.000000 1704455735.951246
4.667395 8.018346 -3317.560533 9.454467 151.000000 1704455735.951246
7.778992 16.754752 -3916.064203 15.797337 152.000000 1704455735.951978
2.273859 11.129942 -3679.822203 14.241539 152.000000 1704455735.951978
12.087357 18.549904 -3068.513116 19.028611 153.000000 1704455735.965522
14.600569 14.959600 -3228.880026 14.720246 153.000000 1704455735.965522
14.480893 12.805417 -4111.376738 16.276045 154.000000 1704455735.981237
9.693821 10.651235 -4866.178307 12.326710 154.000000 1704455735.981237
7.180608 13.523478 -5765.310095 11.369296 155.000000 1704455735.981973
7.180608 7.898669 -3202.192100 8.497053 155.000000 1704455735.981973
13.284125 14.600569 -5532.897752 15.438307 156.000000 1704455735.995512
2.991920 8.616729 -4758.947896 12.925094 156.000000 1704455735.995512
5.864163 8.497053 -3790.523241 11.728326 157.000000 1704455736.011250
7.180608 9.693821 -2933.158656 8.377376 157.000000 1704455736.011250
12.925094 17.353136 -1449.286031 16.156368 158.000000 1704455736.011987
11.010265 13.523478 -2713.910761 17.831843 158.000000 1704455736.011987
6.103517 11.848003 -2004.825730 14.480893 159.000000 1704455736.025518
16.515398 19.387641 -2090.753671 20.105702 159.000000 1704455736.025518
13.762832 16.754752 -3263.705974 20.943440 160.000000 1704455736.041242
8.377376 16.036691 -3909.841010 14.361216 160.000000 1704455736.041242
10.770912 12.087357 -2543.610677 14.361216 161.000000 1704455736.041958
14.600569 19.986025 -5106.608995 20.464733 161.000000 1704455736.041958
7.180608 13.643155 -6072.041730 10.531558 162.000000 1704455736.055641
-0.119677 6.223194 -7590.381273 5.744486 162.000000 1704455736.055641
-5.146102 0.239354 -8598.538625 6.342870 163.000000 1704455736.071235
-4.069011 3.350950 -6537.823830 3.709981 163.000000 1704455736.071235
2.513213 9.215113 -6748.694349 14.121862 164.000000 1704455736.071963
2.273859 10.531558 -6621.118882 8.975760 164.000000 1704455736.071963
7.060931 13.643155 -6300.145708 11.369296 165.000000 1704455736.085621
-1.436122 11.608649 -7066.675603 13.523478 165.000000 1704455736.085621
3.111597 10.531558 -5131.980477 12.925094 166.000000 1704455736.101262
7.180608 14.839923 -4038.493568 13.523478 166.000000 1704455736.101262
13.882509 19.148288 -5087.341031 21.422147 167.000000 1704455736.101954
7.898669 13.164448 -7104.613148 15.438307 167.000000 1704455736.101954
3.590304 6.582224 -8210.785797 10.052851 168.000000 1704455736.115626
-5.624810 1.914829 -7020.719712 2.991920 168.000000 1704455736.115626
7.659315 14.241539 -5984.677667 12.326710 169.000000 1704455736.131242
4.308365 8.975760 -6589.643884 8.616729 169.000000 1704455736.131242
6.941254 14.959600 -3018.727567 16.395721 170.000000 1704455736.131961
13.882509 17.353136 -5197.563362 19.148288 170.000000 1704455736.131961
4.906749 10.292205 -6416.351879 10.411881 171.000000 1704455736.145623
7.060931 12.087357 -5903.776151 13.643155 171.000000 1704455736.145623
11.728326 14.720246 -6580.907477 14.361216 172.000000 1704455736.161240
2.991920 5.624810 -6332.937151 9.454467 172.000000 1704455736.161240
9.334790 8.856083 -5439.908880 13.762832 173.000000 1704455736.161974
6.701901 14.720246 -6130.084977 17.353136 173.000000 1704455736.161974
9.095437 12.805417 -4168.701925 16.754752 174.000000 1704455736.175572
14.480893 13.044771 -1752.188008 17.712166 174.000000 1704455736.175572
10.172528 16.994105 -4742.193144 19.626995 175.000000 1704455736.191233
9.215113 9.813497 -2316.583790 11.967680 175.000000 1704455736.191233
15.917014 21.541824 -1242.364846 17.712166 176.000000 1704455736.191974
16.874429 17.353136 -1775.165953 23.696006 176.000000 1704455736.191974
13.403801 16.874429 -3226.007783 18.310550 177.000000 1704455736.205539
13.403801 16.874429 -2406.700419 19.626995 177.000000 1704455736.205539
15.079277 19.387641 -2253.514117 18.669581 178.000000 1704455736.221223
15.318630 18.669581 -651.400815 21.661501 178.000000 1704455736.221223
13.643155 18.669581 -3105.253893 19.626995 179.000000 1704455736.221950
10.770912 14.720246 -1513.073764 15.677661 179.000000 1704455736.221950
16.994105 23.097622 -1347.560752 23.696006 180.000000 1704455736.235572
12.446387 16.635075 -2420.822282 19.148288 180.000000 1704455736.235572
11.369296 17.831843 -2796.368076 18.908934 181.000000 1704455736.251222
12.805417 12.685741 -2234.246153 17.233459 181.000000 1704455736.251222
18.908934 22.259885 -2667.595840 21.063117 182.000000 1704455736.251950
13.284125 16.635075 -4942.651781 16.874429 182.000000 1704455736.251950
9.095437 14.839923 -4118.317993 10.890589 183.000000 1704455736.265549
9.095437 13.284125 -3674.436747 13.523478 183.000000 1704455736.265549
14.720246 19.866349 -4032.150698 17.592489 184.000000 1704455736.281207
15.438307 14.839923 -4844.157776 17.831843 184.000000 1704455736.281207
4.906749 10.411881 -3766.348528 12.326710 185.000000 1704455736.281948
11.488973 11.129942 -1293.227485 17.592489 185.000000 1704455736.281948
13.523478 22.140208 -1774.328216 19.267965 186.000000 1704455736.295538
16.994105 19.387641 -2212.584652 19.148288 186.000000 1704455736.295538
8.257699 13.523478 -1148.657913 13.762832 187.000000 1704455736.311216
15.198953 20.943440 -3203.628221 24.892774 187.000000 1704455736.311216
4.069011 11.967680 -4381.128242 8.257699 188.000000 1704455736.311950
12.925094 14.600569 -1328.053434 12.685741 188.000000 1704455736.311950
9.574144 12.446387 -78.029273 16.635075 189.000000 1704455736.325534
18.789257 18.908934 -2063.587038 23.097622 189.000000 1704455736.325534
9.693821 9.454467 -3782.744250 14.480893 190.000000 1704455736.357637
15.677661 19.626995 -1672.842291 18.908934 190.000000 1704455736.357637
14.121862 15.917014 -1967.725922 16.276045 191.000000 1704455736.358336
17.113782 19.866349 -2390.903082 21.422147 191.000000 1704455736.358336
11.369296 13.284125 -1539.522337 13.403801 192.000000 1704455736.359081
12.925094 19.148288 -1597.206554 20.584409 192.000000 1704455736.359081
13.523478 18.071197 -1025.630164 20.105702 193.000000 1704455736.359837
8.975760 12.326710 -702.502808 13.882509 193.000000 1704455736.359837
14.600569 19.986025 -795.252327 20.823763 194.000000 1704455736.370522
10.651235 12.207033 -63.428703 13.643155 194.000000 1704455736.370522
13.284125 18.908934 -402.592750 20.105702 195.000000 1704455736.385517
9.454467 16.874429 -115.009403 13.762832 195.000000 1704455736.385517
9.574144 16.994105 580.911180 17.472813 196.000000 1704455736.401253
13.643155 15.917014 -551.590365 18.430227 196.000000 1704455736.401253
10.770912 14.839923 -1353.305238 15.557984 197.000000 1704455736.401997
6.103517 8.377376 941.018667 12.446387 197.000000 1704455736.401997
7.778992 16.635075 392.300546 16.754752 198.000000 1704455736.415546
9.334790 14.480893 -1309.264176 20.704086 198.000000 1704455736.415546
3.949334 11.608649 -9.813497 8.138022 199.000000 1704455736.430527
7.419962 9.454467 397.326971 9.334790 199.000000 1704455736.430527
2.872243 9.813497 502.642554 13.643155 100.000000 1704455736.446198
2.273859 8.736406 3189.865389 5.026426 100.000000 1704455736.446198
16.754752 17.233459 526.577914 19.148288 101.000000 1704455736.446919
0.000000 7.180608 1180.252588 5.864163 101.000000 1704455736.446919
5.146102 6.462547 2484.370662 11.967680 102.000000 1704455736.460523
-1.555798 5.744486 3821.399856 2.513213 102.000000 1704455736.460523
11.848003 14.720246 987.572942 17.113782 103.000000 1704455736.476249
15.438307 18.310550 -2514.050508 18.071197 103.000000 1704455736.476249
11.129942 13.284125 -1847.690093 17.712166 104.000000 1704455736.476992
8.736406 14.480893 -4036.219709 11.129942 104.000000 1704455736.476992
4.787072 7.778992 -829.958598 14.241539 105.000000 1704455736.490515
14.839923 19.866349 -1659.677843 16.994105 105.000000 1704455736.490515
10.172528 13.164448 -2621.879303 14.839923 106.000000 1704455736.506249
4.428042 13.523478 -1131.185100 14.002185 106.000000 1704455736.506249
10.172528 14.839923 -738.046817 17.113782 107.000000 1704455736.506977
5.744486 5.026426 1231.952965 10.172528 107.000000 1704455736.506977
9.574144 16.515398 154.861777 17.712166 108.000000 1704455736.520525
2.034506 10.531558 2026.965938 6.821578 108.000000 1704455736.520525
4.787072 11.608649 1772.652741 13.044771 109.000000 1704455736.536258
5.385456 9.574144 2027.205291 15.557984 109.000000 1704455736.536258
8.138022 9.454467 1921.530678 10.292205 110.000000 1704455736.536973
-0.718061 7.180608 3177.179649 5.744486 110.000000 1704455736.536973
7.419962 10.651235 2928.132231 14.121862 111.000000 1704455736.550511
6.103517 11.848003 2010.809570 7.539638 111.000000 1704455736.550511
8.975760 13.284125 1244.997736 12.685741 112.000000 1704455736.566856
14.241539 15.438307 -580.193120 18.310550 112.000000 1704455736.566856
6.223194 10.411881 -1372.453526 15.677661 113.000000 1704455736.566979
4.787072 3.949334 1018.449556 13.284125 113.000000 1704455736.566979
11.129942 16.754752 356.158153 19.986025 114.000000 1704455736.580525
4.787072 11.967680 -1865.282583 11.848003 114.000000 1704455736.580525
7.539638 12.446387 -222.239815 12.207033 115.000000 1704455736.596246
12.805417 13.044771 -163.358830 14.002185 115.000000 1704455736.596246
-2.154182 5.505133 837.139206 7.659315 116.000000 1704455736.596978
8.975760 16.036691 595.990457 12.805417 116.000000 1704455736.596978
8.975760 16.754752 -530.168218 16.395721 117.000000 1704455736.610497
8.856083 11.608649 -866.699375 15.557984 117.000000 1704455736.610497
12.087357 15.677661 -1292.988132 18.669581 118.000000 1704455736.626257
9.454467 13.284125 -1295.022637 14.839923 118.000000 1704455736.626257
6.582224 14.241539 236.002647 13.284125 119.000000 1704455736.626988
14.241539 16.874429 -1423.914550 24.533744 119.000000 1704455736.626988
13.882509 19.507318 -3239.770614 17.592489 120.000000 1704455736.640524
12.805417 16.036691 -3774.366874 14.839923 120.000000 1704455736.640524
4.547718 8.497053 -2435.063821 10.411881 121.000000 1704455736.656285
12.087357 13.403801 -1919.735526 15.198953 121.000000 1704455736.656285
11.010265 13.403801 -2677.768368 19.746672 122.000000 1704455736.656978
10.531558 12.566064 -3125.718625 13.044771 122.000000 1704455736.656978
9.574144 14.480893 -3783.701664 18.908934 123.000000 1704455736.670519
7.659315 12.566064 -4745.065387 15.198953 123.000000 1704455736.670519
4.547718 8.497053 -4277.129105 14.480893 124.000000 1704455736.686242
11.369296 12.207033 -4053.572845 16.874429 124.000000 1704455736.686242
8.497053 10.172528 -1993.935141 12.566064 125.000000 1704455736.686972
13.403801 16.036691 -2208.276287 15.557984 125.000000 1704455736.686972
6.821578 9.454467 -459.080199 10.292205 126.000000 1704455736.700643
6.462547 14.002185 291.053974 12.207033 126.000000 1704455736.700643
6.582224 6.821578 2258.181512 6.582224 127.000000 1704455736.716245
16.635075 16.635075 -2050.422590 20.105702 127.000000 1704455736.716245
11.369296 12.566064 -2099.849108 11.249619 128.000000 1704455736.716967
11.967680 11.129942 -2110.859373 15.557984 128.000000 1704455736.716967
11.728326 11.848003 -1627.724138 14.002185 129.000000 1704455736.730628
7.898669 14.121862 195.312535 13.762832 129.000000 1704455736.730628
9.454467 12.685741 -125.301608 16.994105 130.000000 1704455736.746244
11.608649 14.839923 -481.938468 13.044771 130.000000 1704455736.746244
9.334790 13.403801 -1709.463391 14.121862 131.000000 1704455736.746970
7.180608 17.712166 -1602.472333 13.164448 131.000000 1704455736.746970
7.300285 12.326710 -1428.342591 7.659315 132.000000 1704455736.760639
11.848003 10.292205 -445.197691 6.701901 132.000000 1704455736.760639
11.488973 11.848003 -1721.072040 15.198953 133.000000 1704455736.776268
11.967680 14.839923 -2893.545636 17.592489 133.000000 1704455736.776268
7.898669 14.480893 -3970.397470 13.762832 134.000000 1704455736.776979
0.598384 1.914829 -718.778852 5.624810 134.000000 1704455736.776979
8.138022 12.087357 1232.671025 11.488973 135.000000 1704455736.790632
8.975760 17.831843 -1472.982037 15.557984 135.000000 1704455736.790632
13.044771 16.515398 -1724.782021 12.805417 136.000000 1704455736.822658
3.111597 11.249619 -810.331603 10.770912 136.000000 1704455736.822658
13.882509 13.643155 -222.718522 15.079277 137.000000 1704455736.823366
11.967680 15.079277 -1164.814281 16.515398 137.000000 1704455736.823366
11.728326 17.233459 -1713.053695 11.488973 138.000000 1704455736.824100
7.898669 12.087357 -2069.570878 13.044771 138.000000 1704455736.824100
13.403801 11.728326 -1332.960183 11.848003 139.000000 1704455736.824855
15.917014 13.643155 -2469.291385 14.959600 139.000000 1704455736.824855
5.265779 13.523478 -2461.033686 13.523478 140.000000 1704455736.835533
5.983840 16.994105 -1382.147347 12.446387 140.000000 1704455736.835533
11.967680 18.430227 -1344.927862 20.704086 141.000000 1704455736.850548
11.129942 17.113782 -2312.395102 21.781177 141.000000 1704455736.850548
12.207033 17.592489 -3049.604181 16.754752 142.000000 1704455736.866238
9.933174 16.395721 -3345.923935 18.789257 142.000000 1704455736.866238
6.103517 11.608649 -4187.610859 18.430227 143.000000 1704455736.866958
9.574144 14.600569 -4099.528735 15.438307 143.000000 1704455736.866958
3.231274 7.419962 -3644.876578 8.018346 144.000000 1704455736.880557
11.129942 14.839923 -4004.984065 19.866349 144.000000 1704455736.880557
7.300285 13.284125 -4455.088504 18.430227 145.000000 1704455736.896220
6.941254 14.600569 -5538.522562 12.925094 145.000000 1704455736.896220
3.829658 12.087357 -4024.491383 11.728326 146.000000 1704455736.896951
10.052851 12.925094 -3309.063481 14.959600 146.000000 1704455736.896951
7.060931 13.762832 -2907.906852 14.600569 147.000000 1704455736.910552
5.744486 17.233459 -2661.133293 10.052851 147.000000 1704455736.910552
7.300285 11.967680 -2028.402059 11.967680 148.000000 1704455736.926221
11.249619 12.925094 -3740.737693 16.156368 148.000000 1704455736.926221
-0.359030 13.403801 -4458.319778 7.300285 149.000000 1704455736.926947
13.164448 17.472813 -4303.817031 14.959600 149.000000 1704455736.926947
3.470627 9.334790 -5210.727810 11.249619 150.000000 1704455736.940554
9.215113 13.164448 -4167.505157 13.882509 150.000000 1704455736.940554
8.018346 8.377376 -5420.401561 12.805417 151.000000 1704455736.956240
3.949334 12.805417 -6368.122129 10.052851 151.000000 1704455736.956240
3.111597 2.513213 -6371.473080 5.146102 152.000000 1704455736.956956
6.582224 10.770912 -4405.063602 13.643155 152.000000 1704455736.956956
8.975760 8.257699 -6359.984107 18.549904 153.000000 1704455736.970562
0.478707 4.308365 -7301.720835 10.411881 153.000000 1704455736.970562
-5.864163 -0.598384 -6796.445391 2.872243 154.000000 1704455736.986280
4.188688 9.693821 -990.923892 7.898669 154.000000 1704455736.986280
11.728326 16.395721 -1857.503591 21.541824 155.000000 1704455736.986998
17.831843 19.626995 -2699.310192 21.063117 155.000000 1704455736.986998
-0.718061 13.164448 -3131.822142 10.052851 156.000000 1704455737.000551
13.164448 18.789257 -2042.882952 15.198953 156.000000 1704455737.000551
13.164448 14.480893 -538.425917 14.241539 157.000000 1704455737.016302
12.805417 16.754752 -1139.562476 19.986025 157.000000 1704455737.016302
17.113782 17.831843 -1226.088801 18.190873 158.000000 1704455737.017151
10.651235 14.002185 -2666.399072 19.028611 158.000000 1704455737.017151
5.505133 10.292205 -1768.464053 13.164448 159.000000 1704455737.030551
6.582224 13.044771 370.519368 13.284125 159.000000 1704455737.030551
8.616729 14.720246 363.458437 14.600569 160.000000 1704455737.046322
12.446387 15.797337 409.893035 18.310550 160.000000 1704455737.046322
16.754752 16.754752 -1957.314041 18.310550 161.000000 1704455737.047002
12.566064 18.071197 -1784.141713 19.746672 161.000000 1704455737.047002
9.334790 16.395721 -2327.115348 18.190873 162.000000 1704455737.060534
2.872243 9.933174 690.654805 9.454467 162.000000 1704455737.060534
5.983840 9.933174 2327.115348 9.334790 163.000000 1704455737.076266
2.273859 3.590304 3441.426020 6.701901 163.000000 1704455737.076266
3.111597 2.393536 4031.312960 4.547718 164.000000 1704455737.077005
3.470627 3.470627 3735.950621 5.385456 164.000000 1704455737.077005
-8.377376 -5.146102 5696.376259 -1.436122 165.000000 1704455737.090550
11.129942 9.095437 3629.797301 9.574144 165.000000 1704455737.090550
10.292205 18.190873 -2517.401458 16.395721 166.000000 1704455737.106281
4.188688 7.300285 266.041523 15.917014 166.000000 1704455737.106281
10.651235 13.762832 1499.669963 19.028611 167.000000 1704455737.106985
11.369296 15.318630 1449.286031 14.002185 167.000000 1704455737.106985
8.377376 13.284125 1171.994889 11.728326 168.000000 1704455737.120549
11.967680 14.480893 702.861838 17.353136 168.000000 1704455737.120549
7.539638 14.361216 542.853958 12.566064 169.000000 1704455737.136274
5.265779 10.052851 1103.300406 8.377376 169.000000 1704455737.136274
10.651235 15.797337 1888.140851 18.549904 170.000000 1704455737.137000
6.821578 13.164448 1785.218804 12.207033 170.000000 1704455737.137000
6.103517 10.531558 2158.371062 9.215113 171.000000 1704455737.150552
8.856083 15.557984 1604.387162 13.164448 171.000000 1704455737.150552
12.566064 10.651235 299.191996 13.762832 172.000000 1704455737.166294
13.284125 14.361216 -608.436844 17.472813 172.000000 1704455737.166294
18.789257 16.635075 -1841.227546 14.720246 173.000000 1704455737.167001
8.736406 15.438307 -3062.648953 13.164448 173.000000 1704455737.167001
7.419962 11.728326 -1865.282583 14.002185 174.000000 1704455737.180529
6.342870 11.967680 -1519.775665 14.241539 174.000000 1704455737.180529
8.138022 11.249619 -519.157952 13.882509 175.000000 1704455737.196291
11.488973 11.249619 -299.191996 19.986025 175.000000 1704455737.196291
14.839923 19.267965 -5025.228772 22.020531 176.000000 1704455737.196996
1.436122 10.890589 -6756.233987 8.975760 176.000000 1704455737.196996
1.675475 8.856083 -3683.891214 8.257699 177.000000 1704455737.210640
0.837738 14.361216 -6527.531625 11.249619 177.000000 1704455737.210640
9.574144 12.566064 -4374.546019 16.515398 178.000000 1704455737.226278
9.095437 12.925094 -1959.348546 13.643155 178.000000 1704455737.226278
13.523478 17.113782 -2366.608692 15.797337 179.000000 1704455737.226995
16.635075 20.345056 -2223.953948 16.276045 179.000000 1704455737.226995
4.547718 13.284125 -3055.707698 14.480893 180.000000 1704455737.240662
8.616729 17.472813 -1357.134896 16.036691 180.000000 1704455737.240662
11.249619 17.353136 -2671.305821 16.276045 181.000000 1704455737.256265
4.308365 9.574144 -803.629702 9.813497 181.000000 1704455737.256265
10.052851 15.677661 -765.572481 13.403801 182.000000 1704455737.256988
10.292205 14.480893 1223.336235 8.616729 182.000000 1704455737.256988
9.574144 12.207033 1045.376836 10.052851 183.000000 1704455737.270638
12.685741 17.951520 -517.961184 20.105702 183.000000 1704455737.270638
5.385456 10.052851 -5477.846425 14.361216 184.000000 1704455737.286265
1.555798 6.462547 -5371.334074 7.778992 184.000000 1704455737.286265
7.300285 8.257699 -6128.289825 13.523478 185.000000 1704455737.286983
1.914829 9.933174 -7514.625860 15.677661 185.000000 1704455737.286983
-5.505133 1.795152 -7075.052979 2.154182 186.000000 1704455737.300651
6.821578 11.369296 -7484.467307 14.480893 186.000000 1704455737.300651
1.316445 7.300285 -5687.639853 13.523478 187.000000 1704455737.332667
4.906749 13.762832 -4987.530581 15.557984 187.000000 1704455737.332667
8.018346 12.087357 -3753.782464 15.079277 188.000000 1704455737.333378
9.693821 18.789257 -5732.758006 16.754752 188.000000 1704455737.333378
3.350950 11.249619 -5415.973520 12.087357 189.000000 1704455737.334127
8.138022 13.164448 -4405.422633 17.353136 189.000000 1704455737.334127
8.975760 12.566064 -5082.434282 15.198953 190.000000 1704455737.334877
-4.188688 1.675475 -2600.098126 1.914829 190.000000 1704455737.334877
-1.795152 6.701901 3323.065666 12.326710 191.000000 1704455737.345577
0.239354 4.188688 3546.980956 4.547718 191.000000 1704455737.345577
-0.837738 6.342870 3795.190637 10.770912 192.000000 1704455737.360569
13.284125 16.994105 1696.418620 19.148288 192.000000 1704455737.360569
2.752566 9.454467 -5526.674559 10.770912 193.000000 1704455737.376247
20.704086 21.302470 -1992.858050 23.456653 193.000000 1704455737.376247
8.377376 20.464733 -8808.571406 14.959600 194.000000 1704455737.376966
-27.884694 -15.079277 -11349.908224 -13.044771 194.000000 1704455737.376966
-19.267965 -11.249619 -10260.969034 -5.864163 195.000000 1704455737.390563
-5.265779 4.428042 -8362.176947 7.898669 195.000000 1704455737.390563
2.991920 9.095437 -6735.051194 9.334790 196.000000 1704455737.406233
9.334790 12.805417 -6311.754357 18.789257 196.000000 1704455737.406233
-4.188688 6.821578 -8369.237878 12.207033 197.000000 1704455737.406957
-6.103517 2.154182 -8890.550013 5.146102 197.000000 1704455737.406957
2.154182 9.574144 -6999.058211 12.207033 198.000000 1704455737.420555
5.505133 14.241539 -6689.214980 13.643155 198.000000 1704455737.420555
-6.103517 0.718061 -10031.907641 2.273859 199.000000 1704455737.435568
-18.549904 -8.018346 -11149.090556 -4.308365 199.000000 1704455737.435568
4.547718 4.547718 -8635.279402 8.616729 100.000000 1704455737.451229
2.273859 4.667395 -9055.344965 6.582224 100.000000 1704455737.451229
9.215113 13.523478 -7009.230739 13.044771 101.000000 1704455737.451970
0.957414 13.643155 -8935.907520 9.095437 101.000000 1704455737.451970
1.196768 8.257699 -6379.132395 15.318630 102.000000 1704455737.465565
18.549904 23.935360 -6320.371087 22.140208 102.000000 1704455737.465565
7.539638 13.164448 -7944.385243 12.805417 103.000000 1704455737.481260
3.709981 12.685741 -7455.984228 12.326710 103.000000 1704455737.481260
11.129942 16.276045 -5659.874835 18.789257 104.000000 1704455737.481971
14.839923 21.900854 -5527.631973 21.302470 104.000000 1704455737.481971
15.677661 19.028611 -5322.864971 19.148288 105.000000 1704455737.495564
16.395721 18.669581 -5691.589187 21.781177 105.000000 1704455737.495564
14.121862 16.036691 -4804.305402 15.198953 106.000000 1704455737.511277
17.353136 18.071197 -5414.417721 24.055037 106.000000 1704455737.511277
10.531558 17.712166 -6036.138690 20.464733 107.000000 1704455737.511963
15.438307 14.121862 -4256.664372 14.241539 107.000000 1704455737.511963
11.728326 15.797337 -4209.272360 15.677661 108.000000 1704455737.525556
16.994105 19.986025 -3602.032284 21.422147 108.000000 1704455737.525556
14.361216 17.951520 -2859.796779 25.491158 109.000000 1704455737.541221
16.754752 23.815683 -5078.484948 22.379561 109.000000 1704455737.541221
13.882509 14.361216 -5689.674358 18.908934 110.000000 1704455737.541957
19.028611 13.044771 -3178.137063 17.831843 110.000000 1704455737.541957
11.249619 20.464733 -6739.120205 17.712166 111.000000 1704455737.555552
8.257699 15.318630 -6542.251871 14.361216 111.000000 1704455737.555552
7.060931 11.848003 -7253.610762 21.661501 112.000000 1704455737.571255
-2.034506 6.462547 -9418.324695 9.813497 112.000000 1704455737.571255
-3.350950 2.154182 -8091.348352 3.350950 113.000000 1704455737.571970
12.685741 15.557984 -4906.389711 17.113782 113.000000 1704455737.571970
14.959600 19.626995 -7466.755140 20.823763 114.000000 1704455737.585573
1.555798 6.342870 -9553.559477 9.693821 114.000000 1704455737.585573
-7.060931 -1.436122 -9350.707304 7.060931 115.000000 1704455737.601225
5.026426 5.864163 -6192.436589 7.300285 115.000000 1704455737.601225
14.121862 19.148288 -6235.280883 19.866349 116.000000 1704455737.601964
2.632890 13.882509 -5548.216382 5.624810 116.000000 1704455737.601964
13.403801 16.994105 -2153.583990 17.233459 117.000000 1704455737.615544
25.491158 27.046956 -6306.488578 24.414067 117.000000 1704455737.615544
6.821578 9.334790 -5323.822385 11.249619 118.000000 1704455737.631289
20.584409 23.696006 -6530.523545 29.201139 118.000000 1704455737.631289
7.060931 14.241539 -8467.253176 16.994105 119.000000 1704455737.632021
-2.393536 7.180608 -6398.998743 5.146102 119.000000 1704455737.632021
9.813497 14.600569 -5995.328902 15.917014 120.000000 1704455737.645564
10.531558 18.789257 -5636.657536 15.917014 120.000000 1704455737.645564
26.807603 22.738592 -6102.200283 28.363401 121.000000 1704455737.661283
7.300285 12.925094 -8237.473723 9.933174 121.000000 1704455737.661283
-6.223194 0.119677 -10187.607156 3.350950 122.000000 1704455737.662026
-1.436122 4.547718 -6376.619182 6.941254 122.000000 1704455737.662026
10.172528 13.643155 -6022.256181 17.353136 123.000000 1704455737.675569
16.754752 16.036691 568.105763 21.541824 123.000000 1704455737.675569
25.251805 30.038876 -3865.081887 32.193059 124.000000 1704455737.691292
16.874429 20.225379 -4829.557207 21.182793 124.000000 1704455737.691292
13.762832 16.156368 -8253.749768 21.900854 125.000000 1704455737.692017
-4.069011 6.223194 -8382.402326 17.113782 125.000000 1704455737.692017
8.616729 8.736406 -7512.112647 10.411881 126.000000 1704455737.705568
4.308365 12.685741 -6567.264322 16.036691 126.000000 1704455737.705568
17.233459 20.943440 -3698.013076 17.712166 127.000000 1704455737.721286
24.055037 24.055037 -5737.904108 27.525664 127.000000 1704455737.721286
4.667395 9.334790 -6280.758066 10.292205 128.000000 1704455737.722020
19.986025 20.464733 -6177.596666 23.456653 128.000000 1704455737.722020
10.052851 16.276045 -5964.571965 20.704086 129.000000 1704455737.735560
15.198953 17.113782 -6959.923898 21.900854 129.000000 1704455737.735560
14.600569 16.276045 -5843.339368 15.079277 130.000000 1704455737.751284
17.472813 23.456653 -3678.146728 20.704086 130.000000 1704455737.751284
15.797337 21.541824 -1757.214434 21.661501 131.000000 1704455737.752032
22.140208 25.969865 -2604.406491 26.568249 131.000000 1704455737.752032
22.738592 22.618915 -4408.055522 19.746672 132.000000 1704455737.765562
20.105702 24.055037 -6311.155973 26.328896 132.000000 1704455737.765562
1.555798 7.539638 -7704.313586 9.693821 133.000000 1704455737.781285
19.986025 20.345056 -5328.729134 19.507318 133.000000 1704455737.781285
16.515398 20.943440 -4210.349451 15.318630 134.000000 1704455737.782019
18.908934 24.773097 -3391.161765 27.645340 134.000000 1704455737.782019
22.977945 24.414067 -4280.599732 26.807603 135.000000 1704455737.795554
22.858269 22.379561 -4653.871666 23.576329 135.000000 1704455737.795554
12.566064 19.866349 -4898.251689 19.387641 136.000000 1704455737.811284
18.789257 21.541824 -4442.283087 22.858269 136.000000 1704455737.811284
19.986025 24.892774 -4697.074991 21.063117 137.000000 1704455737.812015
16.036691 19.507318 -3999.119901 22.618915 137.000000 1704455737.812015
19.148288 18.669581 -3974.945188 24.174713 138.000000 1704455737.825538
15.557984 18.430227 -3799.499001 24.773097 138.000000 1704455737.825538
17.592489 22.140208 -1856.426500 26.089542 139.000000 1704455737.841288
24.773097 25.371481 -2566.708299 24.414067 139.000000 1704455737.841288
14.480893 22.379561 -3754.021818 20.704086 140.000000 1704455737.842004
12.087357 24.892774 -3075.693724 17.951520 140.000000 1704455737.842004
21.541824 24.773097 -1846.852356 28.243724 141.000000 1704455737.855672
20.584409 20.943440 -3045.056463 22.977945 141.000000 1704455737.855672
17.113782 23.576329 -3174.786113 13.762832 142.000000 1704455737.871280
18.669581 23.336976 -2523.624652 23.336976 142.000000 1704455737.871280
14.002185 14.361216 -2928.371585 17.353136 143.000000 1704455737.872010
13.882509 19.028611 -1347.919782 17.831843 143.000000 1704455737.872010
16.754752 21.900854 -1336.909517 19.746672 144.000000 1704455737.885662
21.063117 24.414067 -4029.278455 23.696006 144.000000 1704455737.885662
12.207033 19.507318 -2501.723798 17.353136 145.000000 1704455737.901274
19.626995 25.730512 -3464.882673 22.858269 145.000000 1704455737.901274
14.959600 14.839923 -4305.612183 20.823763 146.000000 1704455737.901999
14.839923 15.917014 -3327.254354 16.635075 146.000000 1704455737.901999
15.318630 20.464733 -2726.476825 18.789257 147.000000 1704455737.915662
18.310550 20.225379 -5107.566410 16.635075 147.000000 1704455737.915662
17.592489 17.233459 -4064.583110 14.121862 148.000000 1704455737.931275
14.720246 18.908934 -4895.140092 20.225379 148.000000 1704455737.931275
12.087357 13.762832 -5647.907155 15.198953 149.000000 1704455737.932014
18.549904 23.815683 -4289.575492 23.696006 149.000000 1704455737.932014
12.326710 17.353136 -5073.578199 15.438307 150.000000 1704455737.945662
8.018346 16.276045 -3980.689674 16.874429 150.000000 1704455737.945662
17.712166 20.943440 -4573.688211 22.259885 151.000000 1704455737.961282
8.377376 15.917014 -4840.567472 14.839923 151.000000 1704455737.961282
18.071197 20.345056 -4420.860940 26.328896 152.000000 1704455737.962015
8.257699 11.728326 -7541.792493 12.566064 152.000000 1704455737.962015
-3.350950 9.215113 -8206.716786 8.138022 153.000000 1704455737.975686
6.582224 12.326710 -5154.120685 12.685741 153.000000 1704455737.975686
10.770912 10.890589 -5700.205916 15.079277 154.000000 1704455737.991267
8.018346 11.129942 -5653.053258 11.249619 154.000000 1704455737.991267
16.036691 20.464733 -4199.219509 22.618915 155.000000 1704455737.991999
12.207033 19.507318 -4631.611782 12.805417 155.000000 1704455737.991999
16.635075 21.063117 -6622.076296 18.430227 156.000000 1704455738.005695
8.138022 13.044771 -5639.529780 14.002185 156.000000 1704455738.005695
16.874429 15.318630 -5699.727209 22.379561 157.000000 1704455738.021297
13.284125 15.677661 -6699.148154 11.728326 157.000000 1704455738.021297
2.393536 5.983840 -6246.291148 10.890589 158.000000 1704455738.021995
11.249619 16.754752 -3486.903203 16.156368 158.000000 1704455738.021995
16.395721 24.294390 -2810.729291 20.943440 159.000000 1704455738.035591
16.994105 20.225379 -3347.120703 18.789257 159.000000 1704455738.035591
14.121862 20.823763 -3007.477948 20.105702 160.000000 1704455738.051280
14.361216 19.746672 -2516.085013 18.789257 160.000000 1704455738.051280
16.156368 20.943440 -2254.351855 22.140208 161.000000 1704455738.051993
17.831843 21.422147 -3083.472715 21.182793 161.000000 1704455738.051993
12.446387 14.480893 -2531.762674 13.643155 162.000000 1704455738.065592
9.454467 11.728326 1438.156089 17.113782 162.000000 1704455738.065592
13.403801 17.233459 2074.716980 21.063117 163.000000 1704455738.081254
22.379561 26.089542 -1228.123307 26.328896 163.000000 1704455738.081254
11.608649 17.353136 -3434.604443 14.121862 164.000000 1704455738.082012
16.156368 15.198953 -2318.618296 18.908934 164.000000 1704455738.082012
18.549904 21.182793 -3113.272238 24.653421 165.000000 1704455738.095598
13.044771 19.626995 -2158.730093 21.422147 165.000000 1704455738.095598
13.164448 20.225379 -2658.261050 17.592489 166.000000 1704455738.111280
6.462547 16.874429 -2150.472394 17.233459 166.000000 1704455738.111280
20.105702 28.004371 -3266.578217 27.765017 167.000000 1704455738.111997
13.643155 15.797337 -2709.841750 13.523478 167.000000 1704455738.111997
19.028611 21.900854 -5460.493289 22.738592 168.000000 1704455738.125581
4.906749 11.369296 -6222.595142 10.890589 168.000000 1704455738.125581
13.044771 20.464733 -2410.769431 17.951520 169.000000 1704455738.141284
5.146102 17.712166 -5789.125778 14.002185 169.000000 1704455738.141284
16.395721 22.499238 -7986.152446 19.028611 170.000000 1704455738.142020
-75.276706 -61.035167 -15680.891888 -60.077753 170.000000 1704455738.142020
-54.093913 -55.410358 -15065.872820 -50.623286 171.000000 1704455738.155607
-46.434598 -37.099808 -15236.651611 -32.791443 171.000000 1704455738.155607
-49.785548 -42.844294 -15199.192774 -28.842108 172.000000 1704455738.171273
-29.679846 -15.677661 -12041.281089 -15.079277 172.000000 1704455738.171273
-46.195244 -33.150473 -15022.430142 -16.276045 173.000000 1704455738.172008
-39.134313 -27.166633 -14120.904818 -23.696006 173.000000 1704455738.172008
-34.586595 -24.892774 -14339.434653 -24.533744 174.000000 1704455738.185589
-26.209219 -16.994105 -14345.179139 -14.121862 174.000000 1704455738.185589
-95.621762 -81.499900 -15686.277344 -61.753228 175.000000 1704455738.201272
-56.726803 -55.410358 -15686.277344 -42.724617 175.000000 1704455738.201272
-82.936021 -72.404463 -15686.277344 -61.154844 176.000000 1704455738.201986
-81.619577 -67.617391 -15686.277344 -57.085833 176.000000 1704455738.201986
-78.867010 -74.917676 -15686.277344 -58.880985 177.000000 1704455738.215616
-72.883170 -61.872905 -15686.277344 -46.075567 177.000000 1704455738.215616
-72.883170 -55.769388 -15686.277344 -50.742963 178.000000 1704455738.231264
-60.077753 -48.110073 -15686.277344 -38.655606 178.000000 1704455738.231264
-65.582886 -50.264255 -15686.277344 -40.211404 179.000000 1704455738.231986
-47.392012 -37.578515 -15686.277344 -36.142393 179.000000 1704455738.231986
-66.540300 -55.769388 -15686.277344 -42.963971 180.000000 1704455738.245589
-69.651897 -45.716537 -15661.504246 -36.501424 180.000000 1704455738.245589
-20.105702 -11.010265 -14629.172182 -12.685741 181.000000 1704455738.261258
-25.371481 -14.839923 -15387.564054 -10.890589 181.000000 1704455738.261258
-26.568249 -18.789257 -15248.140584 -8.736406 182.000000 1704455738.261992
-20.225379 -19.507318 -14339.793683 -8.497053 182.000000 1704455738.261992
-0.957414 5.026426 -14422.250997 6.462547 183.000000 1704455738.275591
-4.428042 4.308365 -12580.305390 10.770912 183.000000 1704455738.275591
9.215113 18.310550 -13204.180541 26.328896 184.000000 1704455738.291256
9.813497 12.207033 -10248.522647 15.198953 184.000000 1704455738.291256
35.903040 40.091728 -8937.463318 40.091728 185.000000 1704455738.291978
23.456653 25.132128 -10603.962738 31.355321 185.000000 1704455738.291978
3.829658 10.890589 -13773.363395 20.105702 186.000000 1704455738.305581
-2.991920 3.829658 -13604.260079 12.326710 186.000000 1704455738.305581
4.547718 14.839923 -13154.275316 13.164448 187.000000 1704455738.321265
-0.718061 10.651235 -13709.934692 6.941254 187.000000 1704455738.321265
-4.308365 3.111597 -13351.981387 -0.239354 188.000000 1704455738.321981
14.839923 18.908934 -11911.910470 20.943440 188.000000 1704455738.321981
19.626995 24.414067 -11321.784176 28.124048 189.000000 1704455738.335586
22.618915 28.004371 -11052.391703 30.756937 189.000000 1704455738.335586
27.405987 30.038876 -10021.495760 27.525664 190.000000 1704455738.351255
23.696006 27.765017 -10587.207987 28.842108 190.000000 1704455738.351255
24.174713 33.150473 -9542.668889 37.099808 191.000000 1704455738.351985
40.570435 41.288496 -8932.676246 40.091728 191.000000 1704455738.351985
28.842108 34.107888 -9958.665440 35.663686 192.000000 1704455738.365597
33.150473 34.107888 -7925.476309 33.509504 192.000000 1704455738.365597
43.801708 41.049142 -6610.707000 43.801708 193.000000 1704455738.381276
42.126233 42.844294 -7870.305305 45.477183 193.000000 1704455738.381276
31.714352 38.296576 -10353.718553 37.219484 194.000000 1704455738.381987
22.379561 27.525664 -10275.449926 26.209219 194.000000 1704455738.381987
28.961785 33.988211 -8797.321787 31.355321 195.000000 1704455738.395577
29.679846 33.150473 -8099.007667 31.594675 195.000000 1704455738.395577
39.373667 45.237830 -9468.708627 43.203324 196.000000 1704455738.411259
28.483078 28.243724 -10067.331974 26.209219 196.000000 1704455738.411259
23.935360 26.807603 -9437.951690 32.432412 197.000000 1704455738.412017
33.389827 35.304656 -8215.333515 34.586595 197.000000 1704455738.412017
34.466918 33.389827 -8907.185088 33.988211 198.000000 1704455738.425583
24.892774 27.525664 -9849.280847 32.552089 198.000000 1704455738.425583
25.850188 26.328896 -9869.506225 32.073382 199.000000 1704455738.440584
29.560169 35.065302 -9080.955800 35.065302 199.000000 1704455738.440584
42.485263 41.049142 -4047.349651 43.083647 100.000000 1704455738.456266
40.331081 45.477183 -8042.998926 45.596860 100.000000 1704455738.456266
29.799523 37.219484 -8657.898317 39.014636 101.000000 1704455738.456975
26.568249 29.679846 -9175.380794 34.107888 101.000000 1704455738.456975
29.081462 32.432412 -6245.214057 29.799523 102.000000 1704455738.470606
42.006556 42.245910 -4866.657014 43.083647 102.000000 1704455738.470606
45.477183 47.152659 -5010.029819 44.639446 103.000000 1704455738.486262
38.894960 40.331081 -5297.014782 36.621100 103.000000 1704455738.486262
40.690112 41.288496 -4662.368719 40.450758 104.000000 1704455738.486981
38.296576 41.408172 -1922.727446 36.022716 104.000000 1704455738.486981
48.229750 50.024902 -5155.078099 43.083647 105.000000 1704455738.500593
32.073382 35.544009 -5053.472497 34.945625 105.000000 1704455738.500593
40.570435 43.562355 -6725.716404 38.057222 106.000000 1704455738.516325
32.073382 35.304656 -6839.409362 40.570435 106.000000 1704455738.516325
31.714352 34.347241 -5480.838345 38.894960 107.000000 1704455738.517047
34.347241 36.980131 -6764.372009 34.706272 107.000000 1704455738.517047
33.150473 35.304656 -6293.204453 38.535929 108.000000 1704455738.530609
33.389827 36.262070 -5596.565809 30.038876 108.000000 1704455738.530609
41.049142 40.809788 -3686.883134 37.458838 109.000000 1704455738.546339
38.057222 42.724617 -4979.751589 37.339161 109.000000 1704455738.546339
32.073382 33.509504 -5255.247579 33.030796 110.000000 1704455738.547044
42.365587 46.434598 -3704.714977 46.314921 110.000000 1704455738.547044
32.312736 33.748857 -6646.610040 35.184979 111.000000 1704455738.560605
29.560169 36.142393 -5325.258507 32.193059 111.000000 1704455738.560605
27.166633 31.834028 -1746.323845 29.081462 112.000000 1704455738.576339
46.314921 48.110073 -1796.348747 41.647526 112.000000 1704455738.576339
32.911120 35.544009 -5394.192342 33.629180 113.000000 1704455738.577044
34.107888 30.397907 -4385.915314 34.706272 113.000000 1704455738.577044
32.432412 32.791443 -4571.414352 31.474998 114.000000 1704455738.590587
32.791443 33.868534 -5424.470573 37.339161 114.000000 1704455738.590587
30.756937 32.911120 -5716.003254 32.791443 115.000000 1704455738.606306
27.765017 30.158553 -4969.220031 31.953705 115.000000 1704455738.606306
37.219484 37.099808 -5060.533428 40.450758 116.000000 1704455738.607044
28.483078 33.030796 -3917.620002 32.193059 116.000000 1704455738.607044
34.706272 34.945625 -4260.733383 34.706272 117.000000 1704455738.620574
25.371481 28.722432 -2742.992224 28.602755 117.000000 1704455738.620574
34.706272 34.466918 -2225.988454 37.817868 118.000000 1704455738.636321
27.884694 30.038876 -3125.120241 31.235644 118.000000 1704455738.636321
31.235644 33.030796 444.599307 26.687926 119.000000 1704455738.637046
31.834028 37.578515 -2706.131770 37.219484 119.000000 1704455738.637046
28.602755 34.706272 -3558.589606 30.158553 120.000000 1704455738.650581
31.953705 32.671766 -5717.559052 35.424332 120.000000 1704455738.650581
-16.635075 -11.249619 6610.467646 -11.728326 121.000000 1704455738.666313
-1.555798 5.864163 8444.394908 -1.316445 121.000000 1704455738.666313
-5.744486 -2.872243 9273.276415 -3.709981 122.000000 1704455738.667048
-20.943440 -9.095437 10360.899160 -9.454467 122.000000 1704455738.667048
-24.294390 -24.653421 11265.296727 -15.677661 123.000000 1704455738.696971
-23.456653 -14.002185 10635.078706 -13.284125 123.000000 1704455738.696971
-23.935360 -22.020531 11028.336666 -14.720246 124.000000 1704455738.697708
-18.669581 -11.608649 10821.774512 -8.616729 124.000000 1704455738.697708
-22.140208 -12.326710 10454.127387 -5.744486 125.000000 1704455738.698452
-20.704086 -15.079277 10528.925386 -13.643155 125.000000 1704455738.698452
-14.839923 -8.138022 9959.503178 -7.539638 126.000000 1704455738.710603
-13.284125 -12.685741 10019.820284 -6.941254 126.000000 1704455738.710603
-19.746672 -15.079277 10757.986778 -13.403801 127.000000 1704455738.726296
-15.677661 -10.651235 10352.043077 -9.454467 127.000000 1704455738.726296
-15.079277 -8.616729 10632.924524 -13.882509 128.000000 1704455738.727036
-3.111597 7.539638 8653.111245 4.667395 128.000000 1704455738.727036
7.300285 13.164448 7652.852562 11.488973 129.000000 1704455738.740642
4.308365 9.693821 7798.977933 9.693821 129.000000 1704455738.740642
19.028611 22.977945 4944.925641 22.738592 130.000000 1704455738.756295
10.172528 15.198953 6604.842837 13.643155 130.000000 1704455738.756295
25.251805 28.602755 3947.419524 25.132128 131.000000 1704455738.757034
1.196768 7.060931 6144.685546 9.334790 131.000000 1704455738.757034
-0.957414 4.188688 8250.279141 6.941254 132.000000 1704455738.770620
11.129942 15.438307 6900.923237 11.848003 132.000000 1704455738.770620
10.292205 14.241539 6224.509971 17.472813 133.000000 1704455738.786311
-9.095437 -5.385456 9042.659224 -4.547718 133.000000 1704455738.786311
-7.539638 -3.111597 9504.372313 0.359030 134.000000 1704455738.787027
1.555798 6.223194 7954.916802 6.941254 134.000000 1704455738.787027
14.600569 20.704086 5586.393281 19.507318 135.000000 1704455738.800610
19.267965 20.464733 4742.791528 23.935360 135.000000 1704455738.800610
21.182793 25.251805 4362.099632 21.541824 136.000000 1704455738.816293
13.643155 12.207033 5899.946493 13.403801 136.000000 1704455738.816293
18.071197 19.148288 4702.699800 20.105702 137.000000 1704455738.817018
7.778992 9.095437 6483.131533 10.531558 137.000000 1704455738.817018
-1.316445 9.334790 7443.657518 6.821578 138.000000 1704455738.830604
2.752566 7.180608 7233.385383 9.693821 138.000000 1704455738.830604
6.223194 9.693821 6913.249947 15.079277 139.000000 1704455738.846286
7.300285 10.052851 6201.172995 11.728326 139.000000 1704455738.846286
6.462547 11.728326 6676.409562 16.156368 140.000000 1704455738.847015
18.789257 16.754752 5509.082069 24.174713 140.000000 1704455738.847015
-15.318630 -9.095437 7298.489562 -6.103517 141.000000 1704455738.860608
-42.006556 -29.201139 12080.295726 -31.474998 141.000000 1704455738.860608
-35.304656 -28.243724 11952.839935 -24.414067 142.000000 1704455738.876274
-0.718061 -0.478707 8323.641018 5.265779 142.000000 1704455738.876274
15.198953 18.549904 5295.578660 16.276045 143.000000 1704455738.877000
18.549904 17.831843 4682.953129 19.028611 143.000000 1704455738.877000
13.762832 16.276045 4783.002932 12.566064 144.000000 1704455738.890613
13.882509 20.225379 5236.458322 20.105702 144.000000 1704455738.890613
27.525664 28.124048 2467.615910 28.961785 145.000000 1704455738.906285
26.209219 36.621100 -1202.871503 32.193059 145.000000 1704455738.906285
14.121862 17.592489 3232.111299 18.310550 146.000000 1704455738.907017
15.677661 18.789257 4487.042209 16.874429 146.000000 1704455738.907017
34.227564 33.629180 1806.521275 32.671766 147.000000 1704455738.920606
13.044771 22.858269 1935.891894 20.584409 147.000000 1704455738.920606
12.566064 20.704086 3930.664773 16.276045 148.000000 1704455738.936266
14.002185 17.472813 4572.491443 17.712166 148.000000 1704455738.936266
18.430227 19.267965 3318.398271 17.353136 149.000000 1704455738.937003
23.217299 25.610835 2587.053355 24.533744 149.000000 1704455738.937003
20.464733 26.687926 -1210.650494 30.038876 150.000000 1704455738.950604
26.927280 30.756937 -1011.987009 32.073382 150.000000 1704455738.950604
8.975760 11.369296 1828.182775 11.848003 151.000000 1704455738.966287
22.858269 25.251805 2594.952024 21.422147 151.000000 1704455738.966287
7.180608 10.531558 4409.371967 9.095437 152.000000 1704455738.967002
8.616729 11.369296 5297.613166 12.566064 152.000000 1704455738.967002
18.190873 19.148288 3563.496355 25.012451 153.000000 1704455738.980602
30.278230 33.150473 -473.561092 33.389827 153.000000 1704455738.980602
16.994105 19.387641 -108.546856 17.951520 154.000000 1704455738.996278
20.823763 23.336976 1583.683076 25.371481 154.000000 1704455738.996278
26.687926 25.012451 1303.160660 26.927280 155.000000 1704455738.997003
20.105702 27.286310 526.817267 28.124048 155.000000 1704455738.997003
24.653421 29.440492 -1328.891171 27.525664 156.000000 1704455739.010621
12.326710 19.626995 958.132449 15.557984 156.000000 1704455739.010621
9.574144 13.643155 3399.898171 9.693821 157.000000 1704455739.042710
19.986025 23.576329 1556.995150 21.900854 157.000000 1704455739.042710
12.805417 16.395721 3200.516624 18.669581 158.000000 1704455739.043401
29.919200 31.594675 514.011850 33.509504 158.000000 1704455739.043401
5.744486 15.079277 2847.230715 11.967680 159.000000 1704455739.044130
22.379561 23.815683 767.008602 27.765017 159.000000 1704455739.044130
17.353136 19.148288 2152.626576 18.789257 160.000000 1704455739.044881
19.028611 22.858269 1500.627377 22.020531 160.000000 1704455739.044881
13.523478 22.140208 2136.948915 19.866349 161.000000 1704455739.055714
17.831843 16.635075 2065.501867 16.515398 161.000000 1704455739.055714
16.994105 22.977945 1351.270733 20.823763 162.000000 1704455739.086982
19.626995 24.533744 1250.861899 25.132128 162.000000 1704455739.086982
14.241539 16.276045 868.853558 17.951520 163.000000 1704455739.087691
6.342870 11.848003 3957.472376 11.010265 163.000000 1704455739.087691
28.483078 30.996291 -4889.634960 28.842108 164.000000 1704455739.088452
-12.685741 -3.111597 1816.933156 -2.393536 164.000000 1704455739.088452
13.762832 21.302470 2846.871685 16.994105 165.000000 1704455739.100621
11.010265 18.430227 1546.822622 16.156368 165.000000 1704455739.100621
11.369296 17.831843 3200.636301 12.566064 166.000000 1704455739.132713
12.925094 17.233459 3506.769552 15.438307 166.000000 1704455739.132713
9.095437 11.129942 3189.985066 13.403801 167.000000 1704455739.133415
13.044771 16.635075 3434.245412 14.361216 167.000000 1704455739.133415
6.342870 9.095437 3668.811937 11.488973 168.000000 1704455739.134163
4.787072 10.052851 4892.028496 10.890589 168.000000 1704455739.134163
6.941254 8.975760 5217.669065 7.898669 169.000000 1704455739.134909
10.531558 16.635075 3159.347806 15.438307 169.000000 1704455739.134909
8.736406 13.643155 2964.633654 16.754752 170.000000 1704455739.145594
16.994105 17.712166 1897.834672 19.986025 170.000000 1704455739.145594
15.797337 19.746672 -209.314721 21.661501 171.000000 1704455739.177004
10.651235 15.318630 1762.958920 15.797337 171.000000 1704455739.177004
4.308365 11.010265 3428.022219 11.129942 172.000000 1704455739.177736
23.696006 26.687926 -2321.490539 29.440492 172.000000 1704455739.177736
13.284125 16.994105 -3143.789822 18.310550 173.000000 1704455739.178467
10.651235 20.584409 -2103.798442 20.105702 173.000000 1704455739.178467
12.805417 14.839923 -3136.130507 21.302470 174.000000 1704455739.190700
13.284125 20.704086 -963.876936 18.071197 174.000000 1704455739.190700
12.925094 20.584409 -94.664348 17.592489 175.000000 1704455739.206300
14.002185 15.318630 1290.355242 15.318630 175.000000 1704455739.206300
9.933174 13.044771 1155.718844 12.685741 176.000000 1704455739.207027
10.531558 16.395721 2130.725722 15.318630 176.000000 1704455739.207027
9.813497 17.233459 1273.361137 11.488973 177.000000 1704455739.220639
20.225379 24.414067 -881.419622 26.328896 177.000000 1704455739.220639
15.318630 24.174713 -3237.855786 24.653421 178.000000 1704455739.236313
12.446387 18.669581 -1705.394380 16.276045 178.000000 1704455739.236313
17.233459 18.549904 -3416.652923 20.105702 179.000000 1704455739.237033
8.975760 12.685741 -2539.900696 13.882509 179.000000 1704455739.237033
18.430227 17.233459 -857.125231 22.977945 180.000000 1704455739.250630
11.369296 15.318630 -1029.699175 20.105702 180.000000 1704455739.250630
16.036691 17.353136 -3133.976324 22.858269 181.000000 1704455739.266289
10.411881 19.387641 -4218.128443 20.584409 181.000000 1704455739.266289
7.659315 16.754752 -4573.927565 15.677661 182.000000 1704455739.267028
13.284125 20.943440 -4292.926442 19.626995 182.000000 1704455739.267028
10.890589 15.318630 -5294.740923 17.113782 183.000000 1704455739.280616
5.026426 5.146102 -7965.807390 6.103517 183.000000 1704455739.280616
2.752566 7.419962 -7426.902766 5.624810 184.000000 1704455739.296327
6.582224 9.933174 -8074.114893 7.180608 184.000000 1704455739.296327
-1.077091 -0.239354 -8652.393184 0.000000 185.000000 1704455739.297051
-2.154182 4.547718 -6075.033650 7.659315 185.000000 1704455739.297051
10.292205 12.925094 -6834.023906 18.669581 186.000000 1704455739.310631
3.709981 10.411881 -8035.937994 10.531558 186.000000 1704455739.310631
4.787072 7.419962 -7983.160526 8.975760 187.000000 1704455739.326319
-0.239354 3.470627 -8538.939579 12.805417 187.000000 1704455739.326319
3.709981 4.069011 -8946.199724 9.693821 188.000000 1704455739.327034
-2.154182 6.462547 -8008.292654 6.103517 188.000000 1704455739.327034
4.188688 7.778992 -6085.804561 11.129942 189.000000 1704455739.340634
10.770912 16.515398 -4751.647611 16.036691 189.000000 1704455739.340634
14.361216 21.661501 -5267.933320 16.635075 190.000000 1704455739.356328
12.326710 17.831843 -5221.139692 18.071197 190.000000 1704455739.356328
13.882509 17.353136 -5891.569117 15.797337 191.000000 1704455739.357037
9.574144 16.036691 -4603.128704 14.002185 191.000000 1704455739.357037
15.438307 20.464733 -4248.885380 21.541824 192.000000 1704455739.370623
14.600569 17.353136 -2621.280919 18.310550 192.000000 1704455739.370623
22.858269 27.286310 -6139.180414 27.765017 193.000000 1704455739.386308
3.949334 13.044771 -5558.867617 12.326710 193.000000 1704455739.386308
13.762832 23.696006 -4395.489458 16.874429 194.000000 1704455739.387027
11.848003 19.746672 -3217.750083 22.499238 194.000000 1704455739.387027
21.302470 25.850188 -3283.572323 25.132128 195.000000 1704455739.400641
11.728326 19.387641 -5481.436729 18.789257 195.000000 1704455739.400641
16.754752 20.584409 -3376.321842 20.943440 196.000000 1704455739.416297
17.831843 21.661501 -3598.202626 22.140208 196.000000 1704455739.416297
13.762832 16.874429 -3421.080964 18.549904 197.000000 1704455739.417014
17.592489 21.781177 -3797.823526 23.935360 197.000000 1704455739.417014
16.754752 16.994105 -4725.558069 20.823763 198.000000 1704455739.430630
14.839923 18.430227 -4577.517869 18.908934 198.000000 1704455739.430630
15.438307 21.422147 -2987.252569 19.387641 199.000000 1704455739.445643
14.121862 13.523478 -1864.325168 12.685741 199.000000 1704455739.445643
11.967680 20.105702 32.911120 21.302470 100.000000 1704455739.461304
14.480893 15.318630 -375.785148 18.669581 100.000000 1704455739.461304
15.198953 16.156368 193.517383 16.994105 101.000000 1704455739.462031
17.712166 19.148288 -370.519368 24.773097 101.000000 1704455739.462031
11.129942 17.592489 -98.494005 13.044771 102.000000 1704455739.475622
16.515398 20.105702 -732.182654 17.712166 102.000000 1704455739.475622
16.515398 23.097622 -1359.528432 19.267965 103.000000 1704455739.491304
17.472813 19.267965 -1074.937005 17.831843 103.000000 1704455739.491304
17.113782 21.063117 -778.258221 20.823763 104.000000 1704455739.492022
14.121862 16.276045 -1412.066546 17.592489 104.000000 1704455739.492022
12.446387 12.685741 -382.247695 19.148288 105.000000 1704455739.505637
16.874429 19.028611 -889.916674 20.464733 105.000000 1704455739.505637
15.079277 22.140208 -2285.587499 20.943440 106.000000 1704455739.521314
12.207033 17.353136 -1989.387423 18.190873 106.000000 1704455739.521314
13.284125 17.353136 -1345.526246 17.951520 107.000000 1704455739.522025
15.797337 16.156368 -1189.826732 14.600569 107.000000 1704455739.522025
16.635075 22.140208 -1448.448293 22.140208 108.000000 1704455739.535637
16.635075 19.267965 -3961.780740 18.430227 108.000000 1704455739.535637
13.403801 17.592489 -3578.096924 14.361216 109.000000 1704455739.551322
12.925094 16.036691 -3861.371906 15.917014 109.000000 1704455739.551322
8.138022 17.831843 -4326.914653 19.986025 110.000000 1704455739.552026
8.975760 11.848003 -2461.392716 15.438307 110.000000 1704455739.552026
17.233459 21.900854 -1934.575449 19.028611 111.000000 1704455739.565638
13.044771 19.746672 -2953.384035 20.464733 111.000000 1704455739.565638
14.002185 21.422147 -2596.627499 20.704086 112.000000 1704455739.597721
13.044771 18.190873 -2117.441597 24.533744 112.000000 1704455739.597721
12.925094 15.079277 -2226.826191 10.890589 113.000000 1704455739.598438
17.113782 19.267965 -2695.241181 21.900854 113.000000 1704455739.598438
7.659315 18.430227 -4277.129105 16.036691 114.000000 1704455739.599169
9.574144 14.839923 -4090.313622 18.071197 114.000000 1704455739.599169
10.890589 18.669581 -3048.048383 17.233459 115.000000 1704455739.599923
14.600569 15.677661 -1189.348024 16.276045 115.000000 1704455739.599923
12.925094 23.576329 -1623.655126 16.036691 116.000000 1704455739.610711
17.712166 13.882509 -632.013173 14.361216 116.000000 1704455739.610711
12.207033 13.643155 -1499.191256 15.557984 117.000000 1704455739.625711
12.207033 13.044771 -1573.749901 14.600569 117.000000 1704455739.625711
16.635075 21.422147 -2218.807846 15.797337 118.000000 1704455739.641328
12.685741 18.669581 -2706.849830 19.148288 118.000000 1704455739.641328
14.480893 16.036691 -2038.933617 14.361216 119.000000 1704455739.642071
14.121862 17.592489 -1587.153703 20.704086 119.000000 1704455739.642071
16.036691 20.345056 -2232.570678 20.105702 120.000000 1704455739.655706
4.069011 6.582224 792.380083 7.539638 120.000000 1704455739.655706
11.608649 16.156368 703.340545 13.164448 121.000000 1704455739.687723
5.265779 11.010265 2066.219928 10.770912 121.000000 1704455739.687723
12.805417 12.805417 1582.845338 15.438307 122.000000 1704455739.688459
12.566064 20.584409 912.415912 14.600569 122.000000 1704455739.688459
12.446387 14.480893 454.891511 19.267965 123.000000 1704455739.689197
12.326710 19.626995 140.021854 21.781177 123.000000 1704455739.689197
11.249619 14.480893 508.506717 14.361216 124.000000 1704455739.689951
12.685741 10.770912 953.465054 13.523478 124.000000 1704455739.689951
10.890589 11.848003 1130.467039 12.685741 125.000000 1704455739.700642
12.805417 17.113782 -312.715475 19.028611 125.000000 1704455739.700642
13.523478 21.661501 -2479.703267 21.302470 126.000000 1704455739.715648
10.172528 15.318630 -4612.822525 18.190873 126.000000 1704455739.715648
8.257699 11.369296 -3582.046258 10.411881 127.000000 1704455739.731322
4.308365 7.898669 302.423270 10.052851 127.000000 1704455739.731322
5.265779 15.198953 1619.107408 13.643155 128.000000 1704455739.732033
12.925094 14.839923 831.155366 17.113782 128.000000 1704455739.732033
14.241539 18.549904 -1643.641152 18.071197 129.000000 1704455739.745638
9.334790 13.164448 -1712.455311 19.028611 129.000000 1704455739.745638
11.608649 16.395721 -2124.741882 16.635075 130.000000 1704455739.761330
13.643155 14.241539 -1190.185762 16.036691 130.000000 1704455739.761330
11.967680 21.422147 -2857.522920 15.677661 131.000000 1704455739.762047
12.805417 14.121862 -3821.040825 19.028611 131.000000 1704455739.762047
7.778992 15.079277 -3594.013938 11.848003 132.000000 1704455739.775638
12.326710 12.805417 -2110.500343 16.635075 132.000000 1704455739.775638
16.994105 19.267965 -2289.776187 17.831843 133.000000 1704455739.791317
6.941254 16.515398 -3207.218525 16.515398 133.000000 1704455739.791317
11.369296 17.113782 -1446.294111 12.685741 134.000000 1704455739.792045
9.933174 17.113782 -1930.985145 21.182793 134.000000 1704455739.792045
10.052851 15.557984 -2907.069114 11.967680 135.000000 1704455739.805622
4.547718 12.326710 -2740.838041 15.198953 135.000000 1704455739.805622
11.728326 18.071197 -3435.322503 18.789257 136.000000 1704455739.821325
6.941254 12.925094 -2881.458279 12.805417 136.000000 1704455739.821325
14.241539 14.241539 -1579.614064 17.712166 137.000000 1704455739.822038
12.207033 16.515398 -3017.770153 17.472813 137.000000 1704455739.822038
6.103517 13.523478 -3557.991222 16.036691 138.000000 1704455739.835637
13.523478 13.403801 -3063.726044 17.353136 138.000000 1704455739.835637
9.693821 13.164448 -3440.588282 15.917014 139.000000 1704455739.851311
6.582224 13.882509 -3479.363565 16.156368 139.000000 1704455739.851311
8.138022 14.480893 -3508.923734 12.805417 140.000000 1704455739.852038
9.215113 13.164448 -4001.633114 11.967680 140.000000 1704455739.852038
12.087357 15.917014 -2778.177202 12.685741 141.000000 1704455739.865623
12.446387 12.326710 -2532.720088 16.395721 141.000000 1704455739.865623
6.462547 13.284125 310.321939 12.925094 142.000000 1704455739.881302
13.164448 21.302470 -2575.803736 16.874429 142.000000 1704455739.881302
10.052851 11.967680 -2567.546037 8.616729 143.000000 1704455739.882029
12.087357 17.233459 -1960.066607 16.276045 143.000000 1704455739.882029
12.087357 15.318630 -1534.376235 18.669581 144.000000 1704455739.895637
9.693821 14.361216 -1781.149793 16.156368 144.000000 1704455739.895637
7.419962 8.497053 -2285.587499 12.326710 145.000000 1704455739.911361
11.129942 15.318630 -137.149611 16.395721 145.000000 1704455739.911361
11.369296 14.121862 -6741.633418 16.994105 146.000000 1704455739.912098
2.632890 6.701901 -7447.606853 10.172528 146.000000 1704455739.912098
-4.308365 3.350950 -7998.359480 5.624810 147.000000 1704455739.925630
-8.138022 5.026426 -8419.741487 8.736406 147.000000 1704455739.925630
-7.180608 0.000000 -8529.485112 2.513213 148.000000 1704455739.941363
-5.864163 3.829658 -9214.754460 2.872243 148.000000 1704455739.941363
-5.624810 -0.718061 -9145.341917 0.718061 149.000000 1704455739.942078
-12.326710 -5.026426 -10640.703516 0.837738 149.000000 1704455739.942078
-17.353136 -11.488973 -10694.199044 -6.701901 150.000000 1704455739.955631
-13.882509 -2.752566 -9944.663255 0.837738 150.000000 1704455739.955631
-12.087357 -5.624810 -8761.059717 2.872243 151.000000 1704455739.971376
-1.675475 2.872243 -8754.357816 3.829658 151.000000 1704455739.971376
-1.795152 8.497053 -7691.627845 7.539638 152.000000 1704455739.972080
5.026426 6.701901 -7023.232925 17.113782 152.000000 1704455739.972080
5.624810 6.701901 -7457.779380 10.651235 153.000000 1704455739.985635
1.914829 13.403801 -7448.683944 15.557984 153.000000 1704455739.985635
4.069011 7.180608 -5721.867417 14.121862 154.000000 1704455740.001356
13.643155 14.959600 -4618.327657 18.549904 154.000000 1704455740.001356
13.044771 22.499238 -5422.914774 22.140208 155.000000 1704455740.002078
14.002185 11.967680 -5335.550711 11.369296 155.000000 1704455740.002078
10.651235 13.762832 -4237.396407 21.302470 156.000000 1704455740.015639
11.249619 14.002185 -4790.303217 21.541824 156.000000 1704455740.015639
10.770912 15.677661 -5355.656413 18.789257 157.000000 1704455740.031358
10.052851 17.233459 -6156.413873 14.959600 157.000000 1704455740.031358
9.215113 21.661501 -6052.654088 14.600569 158.000000 1704455740.032096
12.326710 15.797337 -5691.230157 17.472813 158.000000 1704455740.032096
15.797337 18.071197 -5495.797944 20.584409 159.000000 1704455740.045647
14.720246 11.967680 -5682.015043 12.207033 159.000000 1704455740.045647
16.635075 17.712166 -6778.015164 24.533744 160.000000 1704455740.061379
6.821578 11.967680 -5157.112604 11.967680 160.000000 1704455740.061379
8.856083 19.267965 -5652.454874 13.403801 161.000000 1704455740.062083
10.890589 16.156368 -4311.356669 16.994105 161.000000 1704455740.062083
15.198953 21.541824 -3664.862603 23.576329 162.000000 1704455740.075635
14.720246 17.831843 -3338.144943 19.986025 162.000000 1704455740.075635
12.207033 22.140208 -2430.875133 20.105702 163.000000 1704455740.091355
13.523478 17.712166 -657.145301 19.746672 163.000000 1704455740.091355
15.438307 19.387641 -2237.357749 21.302470 164.000000 1704455740.092091
13.164448 20.704086 -2675.614186 20.823763 164.000000 1704455740.092091
13.044771 16.874429 -3884.708882 17.951520 165.000000 1704455740.122019
21.541824 16.994105 -3081.198856 20.704086 165.000000 1704455740.122019
11.129942 17.592489 -4323.803056 15.797337 166.000000 1704455740.122731
12.566064 21.182793 -6492.705677 21.302470 166.000000 1704455740.122731
-0.239354 6.941254 -5487.181215 5.146102 167.000000 1704455740.123478
8.616729 17.353136 -4708.324610 17.113782 167.000000 1704455740.123478
15.318630 19.267965 -3110.998379 18.669581 168.000000 1704455740.135662
13.044771 14.839923 -4110.419324 18.789257 168.000000 1704455740.135662
9.813497 15.677661 -4110.179971 18.549904 169.000000 1704455740.151336
-4.188688 -2.752566 -8830.113230 -0.837738 169.000000 1704455740.151336
17.951520 17.113782 -3990.144142 20.943440 170.000000 1704455740.152053
14.361216 11.728326 -1978.018127 13.284125 170.000000 1704455740.152053
20.704086 21.781177 -2525.060773 25.371481 171.000000 1704455740.165658
11.488973 21.182793 -3827.383695 21.063117 171.000000 1704455740.165658
12.087357 14.600569 -2207.318873 16.036691 172.000000 1704455740.181329
9.574144 10.890589 -728.472673 11.608649 172.000000 1704455740.181329
22.977945 29.081462 -5066.876298 33.389827 173.000000 1704455740.182056
4.906749 12.925094 -5511.475605 15.557984 173.000000 1704455740.182056
11.010265 13.403801 -2757.473116 14.241539 174.000000 1704455740.195668
11.848003 14.720246 -2401.913348 18.549904 174.000000 1704455740.195668
24.892774 21.063117 -1492.130325 25.610835 175.000000 1704455740.211330
14.480893 19.387641 -3466.318794 17.233459 175.000000 1704455740.211330
14.002185 17.113782 -3359.327736 20.225379 176.000000 1704455740.212068
18.190873 24.174713 -2537.746514 19.746672 176.000000 1704455740.212068
9.813497 18.190873 -2905.154286 17.951520 177.000000 1704455740.225654
14.241539 19.986025 -1779.115288 20.345056 177.000000 1704455740.225654
14.720246 16.515398 -1021.321799 18.430227 178.000000 1704455740.241335
16.156368 23.576329 -1832.491140 24.892774 178.000000 1704455740.241335
11.848003 16.276045 -4304.056384 17.592489 179.000000 1704455740.242066
14.002185 17.472813 -6391.818135 17.712166 179.000000 1704455740.242066
-0.718061 5.744486 -4693.005980 11.249619 180.000000 1704455740.255647
8.257699 11.249619 -2270.867253 16.994105 180.000000 1704455740.255647
14.839923 20.823763 -1998.961567 20.345056 181.000000 1704455740.271356
17.831843 21.900854 -4153.862002 23.935360 181.000000 1704455740.271356
11.608649 16.515398 -4618.447334 14.002185 182.000000 1704455740.272068
11.728326 9.693821 -7201.790708 16.276045 182.000000 1704455740.272068
8.616729 6.462547 -5560.184062 15.318630 183.000000 1704455740.285684
10.172528 13.403801 -4663.924518 18.549904 183.000000 1704455740.285684
5.146102 9.574144 -5484.189295 11.728326 184.000000 1704455740.301324
15.079277 14.002185 -2984.380326 16.036691 184.000000 1704455740.301324
15.557984 18.430227 -4725.558069 20.225379 185.000000 1704455740.302061
8.377376 15.079277 -2485.926460 8.736406 185.000000 1704455740.302061
12.446387 19.148288 -2283.912024 16.874429 186.000000 1704455740.315651
13.044771 17.592489 -2636.838903 23.217299 186.000000 1704455740.315651
11.728326 17.472813 -2002.910901 19.746672 187.000000 1704455740.331322
9.215113 11.608649 -328.393135 16.874429 187.000000 1704455740.331322
12.685741 14.720246 1094.803353 19.028611 188.000000 1704455740.332057
15.917014 20.584409 314.031919 17.831843 188.000000 1704455740.332057
12.566064 15.557984 488.041985 14.600569 189.000000 1704455740.345648
16.036691 17.831843 218.410157 19.387641 189.000000 1704455740.345648
13.164448 20.464733 -440.649972 22.020531 190.000000 1704455740.361349
13.523478 17.831843 -143.133451 16.635075 190.000000 1704455740.361349
16.994105 19.746672 -657.504331 20.704086 191.000000 1704455740.362046
16.156368 23.456653 -2879.663127 20.704086 191.000000 1704455740.362046
12.087357 16.276045 -3708.903665 17.831843 192.000000 1704455740.375660
10.890589 17.831843 -3985.716100 15.198953 192.000000 1704455740.375660
11.848003 18.669581 -1492.010648 12.685741 193.000000 1704455740.391321
15.079277 17.951520 -339.762431 18.430227 193.000000 1704455740.391321
9.215113 12.087357 1467.357227 13.523478 194.000000 1704455740.392093
21.302470 19.148288 898.294050 17.831843 194.000000 1704455740.392093
11.369296 12.326710 530.048541 15.797337 195.000000 1704455740.405644
14.839923 18.430227 -343.951119 20.225379 195.000000 1704455740.405644
16.635075 19.148288 -204.288295 27.046956 196.000000 1704455740.421317
14.241539 18.310550 -1132.740899 22.977945 196.000000 1704455740.421317
11.129942 13.882509 -1262.470548 20.584409 197.000000 1704455740.422048
9.574144 15.797337 94.544671 14.241539 197.000000 1704455740.422048
10.172528 21.900854 104.238492 15.557984 198.000000 1704455740.435643
14.839923 13.164448 -1650.941436 14.361216 198.000000 1704455740.435643
14.839923 14.600569 -1366.350009 15.677661 199.000000 1704455740.450648
13.044771 15.079277 -2146.403383 17.831843 199.000000 1704455740.450648
12.925094 14.002185 -2872.721873 18.908934 100.000000 1704455740.466335
6.821578 11.848003 -1362.161321 13.882509 100.000000 1704455740.466335
8.975760 13.643155 396.010527 14.600569 101.000000 1704455740.467052
16.515398 20.823763 -1552.686785 14.839923 101.000000 1704455740.467052
